Executing: test_arm_avgpool_s16
20341984
14752032
14681090
12131189
12050358
12236315
9424442
9589011
9361684
9334463
9366721
9600677
9428441
9301742
9237281
9372221
9162005
9297612
9268928
9326056
9201893
10211713
9763857
9889112
9986832
9958758
9886297
10074940
9971165
9896908
13445962
10042422
10161159
10462927
10195695
10238194
10341190
10081680
10807805
10262878
10217713
10322580
11258828
11292957
11147128
11252587
11220885
11156720
10397744
10098180
10111253
10169344
10123845
10589386
10168455
10317357
10145752
10529111
10044514
10188973
11605225
9543179
9405609
9500254
9416071
9096193
9518698
9279058
9687007
10376596
10609700
10116345
10266026
10020534
10026108
9968924
9273094
9263077
9425627
9799430
9515957
9564234
9468774
10161270
10424262
9888353
10036552
10008071
9993757
10412373
10478075
10227212
10454668
10148400
10195566
10320098
10213806
11201311
11130332
11589762
-------------------------
Executing: test_arm_avgpool_s8
11047501
11304493
11079129
11484858
10760103
11014187
11113258
10729141
11288605
10711642
10590664
9875557
10212361
10526092
10122308
10190047
10843860
11177868
10942134
10936005
11062205
13165286
11233570
10445817
10239027
10716900
10644996
10524537
9915204
9777393
9586992
9668193
9439775
9507736
9528438
9532754
9817263
10204103
10136956
9886390
10354820
10194529
11599946
11427008
10959337
11256828
11184738
11150832
11031687
11272420
12228056
12030785
12087802
12260852
12463049
11326159
11204441
10956263
11234069
11261291
10956690
10988522
11175960
11142980
10972485
11059649
11071038
11084667
10977745
10858397
11686426
10911154
11002540
11184923
10971338
11123092
11267754
11155554
11308920
11095019
11126073
11159480
11251050
11291494
11070798
13260635
11109481
10855378
10885488
10881044
10945449
10977485
11077649
10170844
10164826
10268415
10253989
9988999
10240416
10177974
-------------------------
Executing: test_arm_convolve_1_x_n_s8
11497561
12003842
11301993
11217514
11171072
11569763
11481025
11521783
12226834
11169739
11133406
11080001
11286735
12062692
12818982
12293092
12681431
12243667
12150948
13096233
12707653
13217710
12530992
13515238
12167614
11335141
11126258
11339955
11373973
11272717
10911969
7578556
8521212
7636240
7770087
8336921
7827215
7435838
8440825
7536594
7552372
7742532
7800493
7668165
7756254
7301898
7682164
7796364
7432764
7699515
7597889
7707682
7625610
7506318
7513169
7886564
7611666
7665313
7764976
7627684
7559205
7772328
7341082
7374822
7311083
7589667
7761661
7310769
7600259
7622833
7351582
7303991
7337193
7473356
7633610
7487207
7685441
7356119
7299676
7379785
7756958
7454152
7383340
7458411
7557501
8232128
7683441
7747106
7599000
7545965
7407099
7612758
7632795
7639999
7794864
7487578
7441005
7600481
7652813
7505929
-------------------------
Executing: test_arm_convolve_1x1_s8_fast
6963520
7076701
10675050
12019379
8570673
6855912
7644703
8088317
7130700
7583741
7191198
6901133
6750064
7054017
6894578
7243807
7174884
6807488
7242696
6859746
6961501
7101775
7051665
6902374
7233975
6932817
6963983
6742472
6810284
6957576
6767915
6885170
7313528
6877245
7085683
6745323
6885171
6886707
6866116
7122145
9236855
6864745
9082897
7876991
7594278
7625721
7872880
7359508
7644609
7748254
8738446
8281330
7558334
7017870
8337181
7299194
7043702
8925810
6953613
7252548
8573932
7205642
6666918
6788767
7051684
7621258
7598666
6737230
7516114
7561501
6999352
7412191
7400840
6923929
7447635
7275751
6806636
7793142
7291028
6898244
7810364
7562464
7013055
6968428
7679645
6859523
7697367
7528040
6781785
7484540
6762119
7080071
7459338
6858208
6877801
7107016
6937632
7817289
6876412
6922855
-------------------------
Executing: test_arm_convolve_fast_s16
6754934
6856709
6767378
6876930
6706751
6796488
6768471
6851857
6754989
6742231
6880245
6646586
6848653
6872671
6688622
7348545
6710473
6932114
7008075
6909744
6714973
6801100
6776489
7473170
7370785
6840043
6815266
6819117
6665492
6672677
6674863
6936503
6936429
6647790
6735638
6690473
6755341
6679418
6779137
6692844
6735786
6728435
6586328
6721953
6960854
6704769
6834228
6755230
7193828
7026667
6596532
6726620
6796193
6792896
6780415
6666252
6813136
6719436
6823877
6982260
6715399
6608624
6680788
6877523
6740213
6808914
6797192
6658234
6766619
6793767
6777007
6647401
6656993
6804303
6867709
6990445
7082998
6856987
6865986
6803099
6733713
6879467
6789711
6813080
6872375
6746175
6775489
6650993
6640327
6791488
6840913
6718010
6800284
6947262
6742657
6917521
6826284
6749712
6798044
6652511
-------------------------
Executing: test_arm_convolve_s16
6982538
6994538
7124996
7017203
7022777
7085905
7192716
7175217
7017667
7071813
7082146
7020537
6953632
7130737
6914077
7118682
6984278
7062110
6939650
7052777
6931780
7183643
6984038
7049610
7061499
7024500
6967335
7019649
6982260
7020852
6936929
6913911
7109905
6911485
7026110
7179087
6892467
7059628
6952706
7123275
7110923
7005852
7149237
6963242
7143440
6927151
7228272
6925040
6949354
7071702
7796031
6928336
7131996
6858616
7156051
7045258
7018056
7091238
6984649
7121848
7391932
7121590
7140774
7007981
7155070
6997723
7481263
7128867
7069368
7168865
7062721
7140662
7106774
7114405
6985538
6955058
6993038
7072573
7046591
7122219
7059906
7038037
7010629
6984075
7164051
7151663
7441486
7100238
7044481
7303287
6973982
7151607
7043239
7033351
7120663
7533150
6915281
6956317
6981427
7210160
-------------------------
Executing: test_arm_convolve_s8
7676127
7867973
7678498
7648276
7629648
7788328
7576593
7686201
7611999
7688812
7598889
7691386
8033282
7852066
8009117
7533688
7611167
7566649
7694756
7779494
7465745
7549576
7587574
7839288
7659405
7777031
7641055
7548817
7649887
7807735
7577482
7771217
7958951
7604908
7608611
7912454
7727440
7626703
7861362
7675997
7663924
7832252
7658184
7672960
7826049
7603408
7410358
9265799
7572631
7714181
7484282
7619296
7736125
7677350
7527854
7583537
7586019
7730144
7681645
7625573
7607222
7769180
7894639
7739218
7655702
7628407
7602574
7744051
7744644
7799568
7774051
7915472
7564149
7691145
7600185
7594815
7636351
7666072
7548094
7511800
7539891
7932119
7665109
7563816
7546557
7427135
7596685
7600796
7630166
7660091
7842085
7523114
7666609
7619536
7568446
7757829
7681293
7808679
7956119
7583148
-------------------------
Executing: test_arm_depthwise_conv_3x3_s8
6719065
6640623
6819358
6799655
6835913
6942151
6854542
6946298
6770193
7408970
6708992
6764786
6689955
6656548
6808932
6936854
6736361
10642293
10971023
11218479
10852267
10964375
10896155
11053817
10966524
11091094
10989392
11041243
11185127
11235756
9968758
10127939
10134235
10120180
10489076
9930760
10443022
10923358
11087556
11184887
11119481
11243737
10928729
9996480
10185419
10151678
9894242
10212102
10037053
10046090
10916710
11089761
11244329
10913728
10733845
11751887
10301692
10737141
10223640
9936908
9986517
10346413
10032701
10152975
9830634
9996646
10118328
10287915
10012165
10294286
9998554
10063626
10201215
9970795
10282934
9966722
10269583
9435424
9384648
9226226
9250670
9609696
9304039
9518902
9535476
9954796
10167252
10182159
10266249
9967536
10264212
9897020
10349321
10128309
9965999
10047219
10117643
10059478
10052608
10123439
-------------------------
Executing: test_arm_depthwise_conv_fast_s16
10255657
10359135
10263305
10297174
10150327
9641862
9551883
9528124
9584437
9527680
9920409
9691119
10355024
10247120
10209214
10331395
10268916
10148253
10277138
10792103
10473150
10262934
10360191
10185974
10533537
10621127
9429998
9522810
9589104
9476830
9495422
9626713
9506218
10848194
11810423
11128981
11327512
11032799
11167073
10926025
9457386
9869410
9383221
9486459
9427831
9503329
9550345
11222997
11441231
11108463
11187072
11351549
11326586
11197145
11345734
11010559
11192795
11216663
11358492
11097186
11266440
11053817
11175016
11017781
11673779
11248200
10340469
10502205
10232213
10360617
11384066
10325322
10083589
9636713
9798097
9542180
9782061
9689601
9450239
9646455
9508754
9602566
9607659
9530773
9637658
9470682
9623178
10034035
10206825
10178623
10385468
10604405
10271434
10382801
10246213
10369765
10227158
10389171
10149198
10281157
-------------------------
Executing: test_arm_depthwise_conv_s16
10233046
9459331
9375944
9508385
9417350
9967425
9350853
9464701
10036849
10784177
9943074
10075922
9993369
10152753
10202418
10091718
10309081
10282212
9954666
10403801
10310211
10239917
10127531
10117291
10388320
10298174
10048071
10195122
10037312
10174456
10182808
10023646
10282471
10846361
10263305
10040349
10215603
10514223
10175641
10404708
10545685
10187863
10137180
9469496
9423424
9303928
9731137
9443460
9521958
9280133
9890410
10006257
10021960
10230806
10089107
10282304
10150457
10780622
10888452
11870587
11135407
11053058
10941820
10780733
10276897
10269120
9978962
9840244
10356431
10006017
10697403
11302865
11180906
11119815
11175480
11062965
11067594
10896988
11230071
10952653
10913507
11219367
11118704
11258847
14213662
10889377
11130796
11155906
11002930
10495169
10313044
9977777
10321581
9849225
10277008
10234954
9552624
9552550
9565476
9624529
-------------------------
Executing: test_arm_depthwise_conv_s8
9414055
9198709
9303650
9581456
10950543
11088112
11010596
12282815
11217312
11336568
10773233
10095736
10484057
10110551
10565573
9994147
10349654
9385962
9678656
9262003
9322891
9418369
9382370
9184377
10044164
9779616
10251510
9911798
9942426
10187104
9777599
9545346
9444646
9377648
9407314
9540013
9413314
9150581
9497200
10383746
10071089
10244435
10024980
10086922
10005406
10093643
10329822
10105495
9787190
10313007
9992387
9927557
9991758
9965629
10123865
10113106
9967315
10131106
9806135
10132902
9884151
10380894
10157419
10017961
9965796
9906002
10272342
10228510
9962685
10241121
10315100
10059645
9982055
10084662
10384579
10016683
9944482
11179424
10214677
9982407
10465058
10019184
9930538
9973166
10000703
10024054
10116606
9301873
9150822
9314243
9318446
9252689
9551809
9472627
9100953
6879357
6867838
6870153
6637383
6742843
-------------------------
Executing: test_arm_depthwise_conv_s8_opt
7759403
7937675
7679164
7826567
7819345
7999173
7747329
7820919
7897158
7737996
7919249
7903528
7836678
7710534
8073893
7704756
7754773
7809364
7686683
7757144
7834901
7793587
7740811
7830326
7974860
7733515
7779717
7818346
7763681
7762070
7794513
7746756
7752625
7932805
7917953
7807197
7837030
7850900
7830586
7851381
7890380
7754459
7702016
7831049
7712201
7874362
8000951
7743366
7790420
7981748
7699239
7821531
7783680
7672332
7780661
7766736
7940898
7900306
7772199
7692313
7808845
7922176
7885769
7793420
7772699
9061176
7753292
7787236
7980822
7769365
7775069
7825697
7762328
7881176
7848234
7783273
7707497
7643017
7735219
7895251
7899991
7711516
7825512
7847696
7789865
7737644
7661425
7740330
8161816
7951971
7807106
7813605
7885843
7917380
7742922
7808605
7748644
7644017
8114596
7836345
-------------------------
Executing: test_arm_ds_cnn_l_s8
29041175
29084711
29015786
29051601
28987510
28804127
28658132
28766202
29065508
28852199
28831034
28776127
28981566
28914160
28886550
29078341
28671576
28847163
28878347
29061971
28745832
28981177
28896643
28720908
29086655
28599282
28722130
29259632
28831941
28755851
29113025
29001917
28768332
29054767
28868033
29000084
28890513
28898142
29010805
28972715
28853033
28986233
28818756
29202707
28721186
29132042
29282186
28959178
28887310
29030231
28750963
28743611
29083637
28724963
29537752
29253705
28933994
28910809
29365350
29315000
28971103
28869588
28837516
29221243
28821886
28992955
29188504
28894421
28893532
29063990
29091230
29526067
28902328
28678391
28860422
28835978
28674132
28950567
28796517
28687650
28645540
28822460
30911987
28997103
28636336
29379628
29644601
29338740
28776795
28906235
29086619
28664095
30004089
28705205
28868589
28944975
28768795
28985584
28903531
28913531
-------------------------
Executing: test_arm_ds_cnn_s_s8
9442183
9464868
9566384
9579734
9551161
9361297
9530347
9398277
9522237
9578124
9468701
9387556
9493792
9428684
9819319
9405370
9365279
9556939
9538329
9299225
9457054
9566253
9760081
9591382
9463220
9487682
9588271
9392944
9489497
9508940
9455942
9528014
9461886
9637622
10265953
9462757
9484368
9512941
9458202
9403203
9470498
9559087
9710435
9357279
9564180
9516903
9406814
9362371
9554606
9500145
9507052
9500756
9356631
9517200
15670506
15771521
15972718
15972459
15982180
9979260
9462053
9502237
9529329
9398425
9430758
9307595
9521700
9538328
9546717
9339260
9597863
9596863
9510162
9560402
9431906
9548402
9582346
9962685
9389407
9485775
9346576
9575661
9553329
9851744
9493793
9607808
9363038
9442146
9536718
9466831
9516052
9398481
9549680
9475423
9431036
9559828
9416888
9401833
9548217
9549329
-------------------------
Executing: test_arm_elementwise_add_s16
7034149
6638661
6767842
6853302
6553312
6803303
6719639
6612718
6819766
6554941
6869876
6683252
6671085
6741843
7814161
6973058
6788841
6614384
6673160
6807785
6833877
6631569
6721677
6744083
6759472
6841691
6732325
6556108
6644272
6661290
6584367
6733084
6688567
6666660
6739102
6543849
6818489
6740769
6737862
6677678
6654642
6812340
6647216
6710103
6801137
6596625
6781304
6975725
6753268
6696733
6664827
7122664
6671178
6847451
6748416
6588199
6694751
6652957
6683937
6876208
6679752
6796064
6535349
6644235
6570978
6526257
6793359
6664548
6777842
6489684
6772842
6674511
6608569
6767156
6613514
6722473
6747935
6655271
6659493
6574255
6715954
6795100
7117201
6693585
6570737
7080055
6572792
6624328
6684400
6678604
6771194
6734769
6709825
6835451
6636939
6771657
6781286
6739121
6636309
6640642
-------------------------
Executing: test_arm_elementwise_add_s8
6846507
6643401
6600440
6863505
6695177
6756731
6665216
6686252
6653920
6712788
6748028
6585625
6850303
6592718
6627643
6667475
6590847
6600514
7735996
6550275
6872783
6668141
6703844
6671382
6743769
6562905
6694178
6696530
6581236
6901875
6762157
6543183
6601662
6759898
6834266
6694659
6768065
6657957
6755084
6588051
6592089
6758249
6524997
6583811
6753398
6923059
6794137
6620865
6676530
6727417
6796933
6801897
6635754
6584533
6679122
6760824
6793730
6563423
6716770
6542238
6681179
6804786
6593441
6709510
6547034
6619439
6849469
6650161
6741473
6743306
6755768
6674308
6870061
6791415
6671067
6780027
6591459
6617865
6769564
6775694
6818878
6713566
6756972
6699437
6807507
6709918
6894968
6665104
6739121
6817729
6732602
6746787
6834581
6908078
6825693
6615217
7170329
6609699
6705122
6849136
-------------------------
Executing: test_arm_elementwise_mul_s16
6743973
6810730
6765157
6665604
6839507
6832081
7345583
6711048
6986576
6797711
6800563
6853580
6743361
6679456
6543146
6635254
6746843
6706530
6985780
6757732
7111831
6818803
6691530
6681937
6703122
6627125
6863191
6691030
6774990
6803804
6797990
6995150
6741380
6895968
6763286
6692011
6841302
6717233
6801674
6768435
6920634
6691492
6588311
6674789
6794138
6672641
6743324
6712899
6660475
6576626
6836006
6646216
6605254
6821118
6724473
6713325
6855951
6666105
6646272
6646383
7052778
6594681
6749027
6784323
6698678
6700492
6627754
7183515
6737214
6817026
6824081
6717899
6721381
6745991
6813452
6806415
6705178
6771638
6703585
6700325
6791990
6741139
6786638
6617921
6715677
6682178
6803841
6692900
6715473
6845728
6806915
6741139
6782675
6803600
6770490
6614013
6734307
6700363
6731658
6808878
-------------------------
Executing: test_arm_elementwise_mul_s8
6799638
6739399
6648827
6769008
6550552
6918059
6784471
6637810
6745936
6872839
6818840
6717788
6794731
6682419
6838118
6869172
6708900
6909430
6677808
7017594
6747342
6781138
6960817
6627680
7329583
6750250
6787897
6914560
6744158
7062130
6706714
6817322
6635569
6775361
6826192
6743028
6722862
6638012
6930652
6795563
6989391
6717974
6789786
6710418
6611940
6782175
6827766
6709585
6634031
6621995
6973743
6719585
6775638
6793952
6893245
6666660
6692993
6752861
6642754
6744102
6732010
6790564
6759491
6550405
6762676
6902986
6869135
6648550
6826767
6799841
6612587
6662087
6810822
6843247
6855432
6985372
6718603
6700326
6786564
6725362
6877709
6753417
6783212
6821433
6829432
6781693
6797878
6782971
6734325
6695141
6808434
6747602
6774509
6694382
6728547
6750195
6596699
6748417
6944966
6691252
-------------------------
Executing: test_arm_fully_connected_s16
6738436
6813304
6995168
6963817
6834321
6864358
6874358
6750787
6771823
6708029
6768231
6815989
6948059
6729565
6663105
6887616
6752732
6822544
6847395
6753528
6899320
6709696
6957280
6679752
6699400
6812322
7027926
6950781
6915708
6877875
6801230
6649105
6950633
6812174
6856655
6672326
6750398
7077147
6848302
6958002
6735121
6746343
6847488
6774250
6760268
6733621
6962281
6825507
6705307
6948651
6857451
6826526
6662141
6887135
6918190
6700234
6948800
6749657
6812582
6680049
6818507
6727233
8959921
11051022
10864713
11141352
11110798
10897934
11024338
10587592
10177346
10096700
10156439
9933891
10123903
10504539
10031962
10213622
10264454
9995556
10241714
10147976
9874800
9581957
9440758
9679510
9616326
9452091
9284559
10174050
11282015
11305199
11170018
11039282
10899804
11034949
10716311
10001611
10159884
10341471
-------------------------
Executing: test_arm_fully_connected_s4
10031239
10172771
9909928
10766179
10098311
9938187
10932637
10279621
9997833
9979630
10448356
10074701
10273917
10256510
10050776
9846616
10156402
9667991
9127638
9252560
9128120
9145064
9232709
9225580
9974149
10920767
10713310
11026579
10695256
10540297
10915137
11346865
10923655
10658053
11061781
10867750
10777605
10708218
11082891
10989839
10783735
11024653
10775771
10768309
10981136
10716533
10868861
11028097
10832288
10921582
10515964
9688213
9343224
9495867
9243912
9591883
9257357
9898947
9265116
9290448
9590532
9667547
9695954
9383704
9552014
9957612
10903360
10414523
9973815
10088775
10120330
10373637
10487614
10094163
10200493
10900693
9970575
10270935
10399246
9153860
9318614
9794581
9478645
9542681
9232117
9411981
9931224
10262176
10059016
10456430
10168346
10112959
10020703
9709713
9309984
9402796
12361851
12496699
10259881
10897602
-------------------------
Executing: test_arm_fully_connected_s8
7899010
14554523
6654198
7232643
8551323
7392730
7181144
7276585
7871048
7167885
7359639
7492856
7133720
7225606
8191168
6874043
7533818
7722905
6850951
7952305
8566453
6636532
9503460
8665876
6835859
8160372
7375434
6752621
7146497
6622069
7034278
7867844
12975110
10806178
8362811
9899373
7750867
7765089
8064950
8838443
8660450
12342204
14423083
14621224
11106576
11082207
15227391
8325997
11668595
12510847
15510215
10844510
15799318
12716081
12578363
12453145
19219765
8550712
11625671
11704187
9610012
12374648
15539159
11201295
13187233
11722853
11185129
9134972
13126660
9502015
8698170
9208766
11136612
13538722
10258991
8970069
6944559
6772509
7014816
6887228
6765880
6657531
6849247
6815156
6817951
6811433
7050334
6834100
7137423
6883190
6874247
6918597
6757102
6836877
6978669
6700845
6795638
7747182
6921153
6949910
-------------------------
Executing: test_arm_lstm_unidirectional_s16_s8
7224273
6881802
6854414
7002132
6811971
8095985
7772014
7148442
7380416
8655931
6899413
6845340
8531065
6918078
6866635
7962472
6961984
7005761
6992354
6878394
6993798
7680296
6880561
7126479
6812619
6877543
6806545
6799564
6895449
6858450
6964596
10464448
8228629
7131220
6969299
7095369
6747435
7073592
6793434
6935541
6937948
6832174
7072814
6992817
6911023
7020575
6883894
7008575
7098517
6998613
6988687
6941022
6889635
6809100
6886598
6950115
6919930
7191385
6887820
6824451
7152830
6875413
6988058
6733473
6996705
7430951
7077870
7138405
6880580
7067315
6969336
6791323
6942597
6960781
6874377
6915745
7374323
7210365
6871635
7074629
6998206
6969262
6841081
6843340
6881284
6949170
6929541
7215884
7955342
7270216
7325010
6878061
6982132
7164293
7009834
6752899
7102758
7017075
7427858
6908412
-------------------------
Executing: test_arm_max_pool_s16
7324788
6881468
6955651
6949392
6813582
6730010
6849062
6848747
8903664
6829396
7150774
6905153
6921505
6927319
8034210
7457747
6765195
6810137
6791897
6832600
6987391
6848321
6789823
6822582
9166545
9120305
7106684
6972928
6911245
6852451
8609507
6618847
6937763
7022334
6778361
6958651
7257197
6764732
6690493
6999817
7641148
6874728
6668420
6794156
6947670
6754436
7780885
6683160
6759694
7171441
8497158
6840915
6963503
6719122
6778935
8679671
6899153
7210069
6965836
7115572
6880932
6849118
6717844
6634161
7025538
7795366
6945448
7075869
6733621
7829791
7174885
7023353
7147997
6712585
6938745
6672290
6946485
6704530
6838544
7813310
7360953
6810267
6940874
6706566
6949337
6779120
6886728
6746473
6945930
6778712
6803879
6735732
6843285
8428364
6991928
7459747
6817360
6848506
7026724
6840674
-------------------------
Executing: test_arm_max_pool_s8
6900783
6929615
6819081
6898487
7087406
7001817
6889061
6980484
7007261
6886802
6913190
6944133
6909171
6951541
6954078
7060351
6880820
6916486
6970706
6939096
7009298
6800915
6752510
6770305
6992613
6836840
6889672
6737918
6982058
8922311
6718751
6941652
6805193
6962151
6721973
6829952
7046742
6805823
7163645
6795046
6958022
6941022
6824544
7012094
6839581
6870543
7005595
6950244
6941782
7030668
7041816
6839637
6914968
6801934
6924911
7261346
6917949
7046019
6896043
6897153
6768176
6877302
7103147
6891097
7033927
7162978
6716029
6891061
6749750
6791139
7030686
6753657
6920597
6844192
8155854
7154090
6900079
6987188
6740843
7285160
8107986
7055907
7003798
6923763
6798637
6872265
9369076
7329251
6785083
7161182
6892931
6902486
6823563
6791286
8455401
6934374
7136590
7173033
6788027
6957948
-------------------------
Executing: test_arm_softmax_s16
6969707
7090702
6810526
6998465
6824841
7828624
7198459
7481431
8309886
9702824
7947380
7647056
8184706
7039001
7000336
7377842
6903394
7058870
8041284
6895468
7674258
8964311
10072202
9528848
8521528
7369268
9561514
7323399
7320529
7026260
7366787
6776287
6729789
6855006
6750787
6928801
6894784
6874098
6897005
6871099
6980465
6973744
6866321
6849284
6848618
7016223
6777342
6933652
6816415
6890283
6774601
6954356
6870561
6908671
6817341
6893265
7004706
7046722
6880783
6785361
6727251
7535485
11042986
11214443
10895250
11518952
11321847
11140742
11367587
12395277
11540507
11561802
11539970
12095249
10275306
10852807
10499984
10721848
10844362
10645294
11222536
9983205
10461486
9892152
9402945
9371853
9565885
10082590
10202364
9948280
10160069
9755026
9475591
9442833
10006519
7134683
6934115
7019520
7081852
6841118
-------------------------
Executing: test_arm_softmax_s8
6828582
7527467
6802823
6861302
7070352
6801693
6737269
6852210
7347972
6941578
7005353
7399342
7258234
6998762
7211662
7016538
6791490
7646426
6858858
7445451
7427211
6806249
6939856
6983743
6937560
7017205
7029019
6844858
6973800
7132850
7570947
7599594
6823341
7179126
6934449
7080833
7438933
6943633
6960336
7362621
7058074
7381916
7240105
6964743
7716758
6903283
6872654
7413823
6760880
7105221
7351103
6996131
7338158
7794996
6866895
6779620
6794934
6971374
7028001
6746195
6796842
7068110
6985391
6858154
6921153
6738288
6999594
6808934
6805120
6950115
6731437
6962892
6847804
7009169
6743325
6771287
6875210
6798675
7252198
6867673
6918819
6919486
6877821
7037778
7255179
6956355
6951041
7084184
6889265
6811989
6945226
6901987
6881765
7022149
6961244
6988243
6918301
6970188
6894598
6713659
-------------------------
Executing: test_arm_softmax_s8_s16
6886635
6734196
6910505
6800675
7769978
6798324
6744473
6732770
7917732
6803712
6622644
6844951
6987891
6698252
6724048
6740991
6828600
6850803
6808768
6869080
6690437
6595663
6771861
6837248
7250143
6858543
6798286
6768472
6879173
6709641
6917319
6779157
6765158
6827545
6670791
6791027
6724863
6763213
6702715
6848637
6772602
6795101
6781861
6747010
6694530
7154497
6702252
6842673
6738788
6624922
7009057
6908227
6688641
6812471
6702326
6830378
6798897
6694086
6786064
7096944
6863728
6861950
6856136
6682512
6684327
6812989
6751769
6761954
6839692
6788064
6790879
6855469
6892394
6860340
6780046
7322214
6878691
6945115
6972411
6789713
6991206
6945967
7059278
6973040
6750695
6904561
6758417
6826840
7233310
6947856
7140276
7011576
6978688
6871524
6696623
6953856
7022594
6903431
7115869
6939171
-------------------------
Executing: test_arm_svdf_s8
6877821
8001118
6763787
6739177
6927264
6908635
7101832
8841963
12558957
10965804
11805610
14679260
10045758
9877560
9882264
10241567
10399543
8614895
8401051
8365200
10574908
9241246
7651463
7645149
6818934
8390088
7400231
6823952
7702350
6662420
7010705
7474246
6796934
7959732
7142016
6804453
7465247
6831415
7238476
6926764
6685420
7171145
6702363
6803953
6739288
6692827
6809138
6790120
6890746
6704196
6840248
7022927
6634995
6791916
6635829
6831933
6742936
6796750
6727621
6658994
6672179
6572904
6659216
6695530
6678901
6706196
6754158
6861173
6772861
6961799
7882659
6725196
6990872
7303492
6807009
7964305
8482733
6874839
7589335
8009341
6808156
8094338
8380237
7873530
7611539
8592249
7072203
7210959
7396619
6806231
7013224
6723159
7107684
6944875
7083685
6772083
7083111
6873247
6947689
6799620
-------------------------
Executing: test_arm_svdf_state_s16_s8
8479548
6974966
7021501
6869617
6948818
6810193
6962003
6915282
7786866
6850507
7999841
8102875
6787138
8195761
7938195
7002428
8014841
7187718
11134854
9908040
13754031
9350151
14053410
14787998
11493917
12635417
9512627
12510865
11255720
13383690
14402732
14805923
12546605
13617739
11461751
16723548
14279088
15510087
12592290
13379005
16645422
14451361
12021048
14765443
10446190
7987583
6818063
6929986
6785046
6836026
6928967
6710475
6932264
6974207
6838081
6757509
6974373
6813304
6928708
6867191
6921708
6889339
6810156
6903561
6867432
6777306
6762251
6953763
6865229
6711752
6854470
6773769
6856229
6695382
6942152
6866173
6820601
6795008
6800157
6724789
6844822
6693438
6828322
6810119
6850692
6717492
6792564
8010044
6829896
6690400
6669568
6750399
6807138
6886431
6797953
6955319
6769769
6786249
6706401
6718197
-------------------------
