0.000025
0.000023
0.000023
0.000026
0.000029
0.000024
0.000026
0.000025
0.000022
0.000023
0.000024
0.000022
0.000021
0.000022
0.000022
0.000022
0.000023
0.000021
0.000023
0.000026
0.000024
0.000022
0.000025
0.000022
0.000022
0.000026
0.000027
0.000023
0.000022
0.000024
0.000027
0.000022
0.000026
0.000024
0.000028
0.000022
0.000023
0.000026
0.000025
0.000024
0.000027
0.000025
0.000025
0.000025
0.000023
0.000025
0.000026
0.000025
0.000024
0.000025
0.000024
0.000024
0.000022
0.000026
0.000022
0.000027
0.000021
0.000026
0.000027
0.000022
0.000025
0.000022
0.000025
0.000025
0.000025
0.000024
0.000026
0.000022
0.000022
0.000022
0.000023
0.000026
0.000022
0.000027
0.000026
0.000023
0.000025
0.000021
0.000022
0.000027
0.000025
0.000022
0.000022
0.000026
0.000023
0.000025
0.000024
0.000023
0.000026
0.000023
0.000023
0.000023
0.000021
0.000025
0.000022
0.000025
0.000023
0.000025
0.000026
0.000022
0.000022
0.000021
0.000023
0.000022
0.000025
0.000025
0.000026
0.000025
0.000023
0.000026
0.000025
0.000026
0.000023
0.000023
0.000025
0.000025
0.000025
0.000026
0.000025
0.000025
0.000028
0.000025
0.000025
0.000022
0.000026
0.000022
0.000025
0.000022
0.000026
0.000025
0.000027
0.000022
0.000027
0.000031
0.000025
0.000024
0.000023
0.000027
0.000023
0.000025
0.000022
0.000025
0.000025
0.000024
0.000071
0.000022
0.000024
0.000026
0.000024
0.000022
0.000025
0.000027
0.000025
0.000023
0.000022
0.000022
0.000024
0.000022
0.000022
0.000025
0.000022
0.000025
0.000025
0.000022
0.000022
0.000022
0.000024
0.000021
0.000031
0.000022
0.000025
0.000024
0.000027
0.000025
0.000025
0.000022
0.000023
0.000024
0.000023
0.000025
0.000026
0.000023
0.000023
0.000023
0.000022
0.000025
0.000098
0.000024
0.000022
0.000022
0.000022
0.000024
0.000021
0.000023
0.000026
0.000023
0.000026
0.000022
0.000022
0.000022
0.000024
0.000026
0.000023
0.000021
0.000025
0.000023
0.000021
0.000024
0.000025
0.000022
0.000026
0.000025
0.000024
0.000022
0.000024
0.000024
0.000026
0.000025
0.000022
0.000022
0.000026
0.000024
0.000021
0.000024
0.000022
0.000025
0.000022
0.000025
0.000026
0.000025
0.000026
0.000025
0.000022
0.000026
0.000025
0.000024
0.000026
0.000022
0.000026
0.000022
0.000022
0.000023
0.000023
0.000024
0.000022
0.000025
0.000026
0.000025
0.000025
0.000023
0.000023
0.000021
0.000024
0.000022
0.000024
0.000022
0.000021
0.000026
0.000022
0.000025
0.000026
0.000025
0.000022
0.000025
0.000027
0.000025
0.000022
0.000024
0.000023
0.000023
0.000024
0.000023
0.000024
0.000024
0.000021
0.000024
0.000023
0.000022
0.000021
0.000021
0.000022
0.000021
0.000022
0.000025
0.000024
0.000026
0.000024
0.000023
0.000053
0.000025
0.000022
0.000026
0.000025
0.000022
0.000028
0.000022
0.000022
0.000025
0.000024
0.000025
0.000024
0.000023
0.000022
0.000025
0.000026
0.000022
0.000025
0.000022
0.000022
0.000024
0.000026
0.000026
0.000026
0.000022
0.000108
0.000022
0.000025
0.000025
0.000021
0.000021
0.000026
0.000024
0.000024
0.000027
0.000022
0.000023
0.000022
0.000024
0.000025
0.000023
0.000023
0.000025
0.000025
0.000021
0.000027
0.000022
0.000024
0.000023
0.000023
0.000026
0.000026
0.000027
0.000021
0.000025
0.000023
0.000023
0.000023
0.000103
0.000022
0.000023
0.000024
0.000022
0.000026
0.000026
0.000021
0.000022
0.000023
0.000021
0.000026
0.000025
0.000022
0.000024
0.000026
0.000025
0.000022
0.000025
0.000024
0.000025
0.000034
0.000025
0.000022
0.000023
0.000021
0.000024
0.000025
0.000024
0.000023
0.000022
0.000021
0.000022
0.000026
0.000025
0.000022
0.000023
0.000021
0.000026
0.000022
0.000024
0.000026
0.000022
0.000023
0.000022
0.000026
0.000024
0.000025
0.000023
0.000021
0.000024
0.000025
0.000025
0.000021
0.000024
0.000026
0.000025
0.000027
0.000026
0.000024
0.000054
0.000024
0.000026
0.000024
0.000021
0.000025
0.000026
0.000027
0.000022
0.000025
0.000024
0.000023
0.000022
0.000020
0.000024
0.000025
0.000024
0.000025
0.000025
0.000025
0.000022
0.000024
0.000025
0.000025
0.000023
0.000025
0.000023
0.000025
0.000026
0.000023
0.000027
0.000025
0.000022
0.000023
0.000025
0.000021
0.000021
0.000024
0.000025
0.000022
0.000026
0.000025
0.000023
0.000025
0.000021
0.000021
0.000023
0.000025
0.000023
0.000026
0.000025
0.000026
0.000025
0.000025
0.000025
0.000022
0.000023
0.000022
0.000025
0.000022
0.000025
0.000024
0.000026
0.000022
0.000026
0.000024
0.000022
0.000021
0.000022
0.000024
0.000024
0.000023
0.000023
0.000025
0.000025
0.000037
0.000024
0.000022
0.000024
0.000026
0.000023
0.000021
0.000025
0.000025
0.000021
0.000022
0.000022
0.000026
0.000022
0.000022
0.000027
0.000025
0.000025
0.000026
0.000023
0.000022
0.000022
0.000024
0.000025
0.000022
0.000021
0.000023
0.000026
0.000023
0.000021
0.000026
0.000025
0.000022
0.000024
0.000024
0.000022
0.000025
0.000022
0.000022
0.000023
0.000022
0.000021
0.000024
0.000023
0.000025
0.000025
0.000021
0.000026
0.000023
0.000025
0.000023
0.000027
0.000022
0.000025
0.000024
0.000024
0.000025
0.000024
0.000025
0.000022
0.000026
0.000026
0.000023
0.000022
0.000023
0.000023
0.000025
0.000024
0.000026
0.000026
0.000025
0.000022
0.000024
0.000023
0.000025
0.000022
0.000028
0.000026
0.000023
0.000025
0.000025
0.000026
0.000024
0.000025
0.000024
0.000023
0.000022
0.000026
0.000024
0.000025
0.000022
0.000023
0.000025
0.000026
0.000024
0.000021
0.000023
0.000025
0.000026
0.000025
0.000026
0.000024
0.000022
0.000024
0.000021
0.000026
0.000025
0.000024
0.000025
0.000024
0.000024
0.000024
0.000024
0.000024
0.000024
0.000025
0.000024
0.000026
0.000025
0.000025
0.000023
0.000026
0.000025
0.000024
0.000023
0.000025
0.000025
0.000022
0.000026
0.000024
0.000022
0.000024
0.000025
0.000025
0.000026
0.000022
0.000022
0.000024
0.000022
0.000021
0.000021
0.000022
0.000025
0.000025
0.000025
0.000021
0.000025
0.000024
0.000025
0.000024
0.000026
0.000025
0.000025
0.000024
0.000025
0.000065
0.000021
0.000025
0.000027
0.000025
0.000022
0.000024
0.000026
0.000023
0.000021
0.000027
0.000023
0.000024
0.000025
0.000021
0.000022
0.000021
0.000023
0.000022
0.000022
0.000022
0.000024
0.000021
0.000023
0.000025
0.000021
0.000024
0.000023
0.000021
0.000026
0.000025
0.000023
0.000024
0.000021
0.000022
0.000024
0.000024
0.000025
0.000025
0.000022
0.000026
0.000026
0.000025
0.000022
0.000027
0.000022
0.000025
0.000025
0.000022
0.000023
0.000022
0.000022
0.000022
0.000026
0.000025
0.000023
0.000024
0.000027
0.000073
0.000025
0.000021
0.000021
0.000025
0.000025
0.000026
0.000026
0.000024
0.000023
0.000027
0.000026
0.000024
0.000025
0.000022
0.000024
0.000026
0.000025
0.000021
0.000024
0.000022
0.000023
0.000025
0.000024
0.000023
0.000024
0.000024
0.000025
0.000024
0.000022
0.000025
0.000025
0.000024
0.000025
0.000025
0.000024
0.000023
0.000069
0.000023
0.000025
0.000026
0.000023
0.000022
0.000025
0.000024
0.000024
0.000022
0.000025
0.000022
0.000024
0.000027
0.000022
0.000023
0.000021
0.000026
0.000025
0.000022
0.000022
0.000027
0.000025
0.000022
0.000023
0.000021
0.000024
0.000024
0.000025
0.000024
0.000023
0.000025
0.000023
0.000022
0.000055
0.000025
0.000026
0.000024
0.000024
0.000027
0.000025
0.000024
0.000024
0.000022
0.000025
0.000022
0.000020
0.000023
0.000023
0.000023
0.000022
0.000024
0.000023
0.000022
0.000026
0.000024
0.000024
0.000025
0.000022
0.000022
0.000022
0.000024
0.000023
0.000023
0.000022
0.000027
0.000026
0.000027
0.000026
0.000024
0.000025
0.000022
0.000023
0.000025
0.000059
0.000026
0.000024
0.000023
0.000022
0.000026
0.000023
0.000023
0.000025
0.000025
0.000024
0.000022
0.000022
0.000023
0.000023
0.000024
0.000023
0.000022
0.000025
0.000022
0.000022
0.000023
0.000023
0.000025
0.000021
0.000022
0.000025
0.000024
0.000026
0.000024
0.000021
0.000024
0.000022
0.000025
0.000025
0.000024
0.000025
0.000021
0.000023
0.000023
0.000024
0.000022
0.000023
0.000025
0.000022
0.000023
0.000025
0.000026
0.000025
0.000022
0.000025
0.000021
0.000022
0.000024
0.000022
0.000024
0.000023
0.000027
0.000022
0.000021
0.000022
0.000025
0.000022
0.000021
0.000026
0.000027
0.000024
0.000022
0.000024
0.000026
0.000022
0.000027
0.000022
0.000025
0.000022
0.000025
0.000026
0.000023
0.000022
0.000025
0.000021
0.000025
0.000022
0.000021
0.000023
0.000025
0.000023
0.000025
0.000024
0.000022
0.000022
0.000022
0.000025
0.000021
0.000025
0.000026
0.000026
0.000027
0.000024
0.000023
0.000024
0.000021
0.000024
0.000025
0.000025
0.000022
0.000026
0.000023
0.000026
0.000022
0.000024
0.000025
0.000023
0.000026
0.000026
0.000025
0.000026
0.000073
0.000025
0.000025
0.000024
0.000024
0.000023
0.000024
0.000022
0.000023
0.000025
0.000025
0.000025
0.000025
0.000023
0.000027
0.000022
0.000022
0.000024
0.000021
0.000022
0.000025
0.000025
0.000024
0.000026
0.000025
0.000025
0.000025
0.000025
0.000025
0.000025
0.000023
0.000023
0.000022
0.000023
0.000027
0.000022
0.000025
0.000020
0.000026
0.000022
0.000025
0.000023
0.000022
0.000025
0.000025
0.000026
0.000022
0.000024
0.000023
0.000026
0.000022
0.000022
0.000022
0.000026
0.000022
0.000022
0.000024
0.000022
0.000022
0.000023
0.000022
0.000024
0.000024
0.000022
0.000024
0.000025
0.000027
0.000022
0.000023
0.000024
0.000024
0.000025
0.000026
0.000026
0.000022
0.000026
0.000024
