Executing: test_arm_avgpool_s16
22570051
20264233
22900300
8924060
6810051
6880086
6829958
6843976
6929066
6823958
7032285
6739294
6768349
6933640
7089654
6779626
6980898
6819329
6822551
6928603
7002657
6916715
6755386
6750219
6956899
6837402
6857012
6791274
6983916
6873901
6843198
6862753
6829514
6997546
7095746
6921955
6967417
7154059
6819588
6856957
6880457
6945584
6872105
6928048
6914344
6855642
6912308
6854809
7519048
6821754
6833957
6821551
6701647
6769497
7087487
6779663
6892900
6766756
6878308
7182521
6708406
6905233
7015267
7099412
6921733
6872976
6730461
6903993
6792644
6993805
6859123
6976638
6873864
6832828
6801996
6933010
6962510
6906233
6856754
6765052
6804089
6856420
6887993
6795200
7258631
6973435
6925399
6778996
6935066
6832476
6915863
6819939
6786923
6936103
6804051
6956269
6816384
6870179
6900252
6988675
-------------------------
Executing: test_arm_avgpool_s8
6956695
7073766
6984176
6780663
6912548
6850902
6955788
6767090
6822532
7212798
7115246
6903882
7089635
6939473
6957510
7368867
6812403
6929178
6906863
6940159
7086135
6921678
6922196
6986009
6822459
7102098
6759534
6918122
6861420
6885715
6838568
6927788
7156874
6984009
6771201
7016582
6744350
6808459
6921955
6797199
6974083
6782164
6877235
6873901
6794348
6817143
6922937
6815403
6687351
6981324
6979842
6977417
6768757
6845716
6969898
6885049
7513197
6871735
6884234
7005231
7842909
6935677
6822976
7061784
7094246
7189354
6894216
6970194
6955584
6897623
7116561
7082247
7019989
6771701
6827310
6844976
6986101
6971306
7066006
7188558
6939862
6859235
6897289
7219335
7053210
7135134
7050322
6987156
6874753
6959065
6931288
7138412
6790681
6889401
7004582
6805755
7030860
6812588
6967583
6766405
-------------------------
Executing: test_arm_convolve_1_x_n_s8
7876889
7571677
7365553
7466939
7869797
7813076
7523807
7827743
7655396
7437144
7873981
7413292
7567509
7438828
7511067
7607008
7559880
7860815
7641174
7559102
7638340
7735894
7434496
7709116
7676062
7673840
7795447
7700654
7483808
7541529
7483179
7783614
7703487
7803151
7778336
7661710
7475327
7578972
7489382
7664692
7689636
7556566
7579916
7707060
7625490
7496438
7696246
7697506
7447217
7758355
7680469
7538659
7523937
7581083
7951961
7561862
7828632
8381762
7475846
7504715
7497012
7570065
8223341
7387682
7568787
7533510
7728356
7749541
7585194
7640044
7789855
7337795
8793213
7529455
7396163
7826094
7581028
7899426
7733893
7684228
7477123
7825780
7502512
7704709
7648377
7711820
7720542
7329184
7334739
7886315
7936573
7890889
7680525
7619119
7463328
7524974
7729875
7510826
7457161
8112623
-------------------------
Executing: test_arm_convolve_1x1_s8_fast
6995916
7111616
6771719
6996656
6709795
6947973
6916140
6869994
6823069
6709018
7268296
6857198
7004972
6864420
7005601
7031100
6991434
7071728
6863068
6718980
7020471
6974861
7186947
6868476
7012026
6894401
6752998
7183095
6815681
6859698
7159763
6823421
7008971
6904178
6787200
7017137
7056932
6886438
7080006
6922270
7240631
7009674
7029415
6766867
6798904
6899363
6981916
6974232
6783182
6850661
7539084
7071266
7107635
6945899
7129634
7158596
6970010
7193244
6887808
6937714
7399645
7132986
6841142
6950381
6972972
7073821
7029137
7139023
6756923
6887882
6924399
6858216
6986509
7050322
6920270
6809329
6906845
6880808
6837236
7048507
7486123
6842995
6885882
6813199
6750960
6803422
6864809
6984638
6781645
6995305
6758960
6996101
6904623
6887475
6805681
6805977
7057174
6865253
6943251
6776219
-------------------------
Executing: test_arm_convolve_fast_s16
6850087
6813680
6729572
6948788
6782107
6855142
6669204
6815291
6701795
6831514
6756090
7142412
6793607
6823995
6805403
6721647
6726979
6623909
6685463
6902511
6862235
7148263
6726683
7038656
6678500
7001879
6840383
6826069
6702499
6849142
6846680
6770738
6846032
6902104
6963213
6603780
6767683
6695443
6897382
6844439
6662278
7387571
6914437
6852569
6825310
6887771
6990434
6770757
6766478
6658833
6891697
6801829
7243112
6828403
7045914
6731776
10999404
6995286
6886308
6652445
6752312
6838921
6840439
6814162
6834828
6857606
7235038
7118171
6808996
6720739
6961231
6869475
6778719
6770034
6911715
6846939
6808218
6723165
7083969
6635797
6828699
6701684
6887512
6811477
6710536
6894604
6738276
6669870
6714165
6803200
6878401
7132004
7204169
6886234
6764478
6806959
7593565
6924622
6940640
6981620
-------------------------
Executing: test_arm_convolve_s16
7163411
11960172
12016540
11594387
12597819
11720087
12114927
10984238
11186807
10710877
10967573
10516457
10633175
10823373
9935085
9889957
10128968
10279612
10194633
10460569
10029435
10206466
9952881
10129598
9874976
9833885
10003879
10025824
10816114
11064088
10683526
10505420
10904278
10679822
10678692
10708247
10625971
10883038
11726902
11017645
10845613
10116061
10237280
9911938
10277204
10466439
10118950
10033601
10993053
10474569
10833670
10922166
10799911
10943888
10510235
10217836
10149746
10001028
10268853
9947622
10071730
9983992
11303136
10695303
10916500
10609472
11045589
10820281
11291804
10841261
10854779
11073292
10622694
10625954
10589269
10086414
10263186
9907549
10129876
9967918
10206559
10087174
10889501
10621805
11161160
10866001
10854113
10605287
10973017
11354043
11162788
10688285
11240212
10804226
10534086
10816484
10759208
10554233
10759227
10820225
-------------------------
Executing: test_arm_convolve_s8
11835250
12849645
13177339
12673020
17064886
12807294
12815997
11073847
11308599
11041718
11124938
11209250
11029274
11777307
12039614
11940321
11986708
11861601
11667903
11592257
11879897
11816214
12255126
11563203
11544074
11547332
11830287
11021534
11024830
10865353
10984165
10864057
11994782
11934969
11817954
12306439
11938006
12341086
11689069
12135185
12104297
11686143
12081001
11736734
12047391
11100809
11093773
10712283
10813521
11137104
11245916
11910728
10921093
11149789
10902426
11103347
11249694
10956998
10756283
11183288
11311951
10908519
10822058
10851669
11633607
12224720
11823898
14173197
12169239
11970782
12587152
13423645
12979159
16238485
13011325
13112044
13745469
13478625
13360574
13070860
13285094
13061452
13465663
12880774
13275354
13161487
13309704
12905736
12665021
12945068
13321241
13020658
13075267
12956382
13004399
13287946
12894903
12822664
14413912
14115606
-------------------------
Executing: test_arm_depthwise_conv_3x3_s8
12382270
12258571
12305476
12560450
11196047
11112123
10863946
11024848
11198121
11141900
9524783
9312567
9715314
9596651
9454303
9528339
9407527
10361332
10169467
10141376
10298686
9953789
10282260
10557677
9730647
9498488
9577837
11625182
9394528
9504155
9568134
9671704
9431546
9521635
9604540
9527154
9739684
9519005
9593781
9370548
9297383
9421935
9372306
9277754
9345826
9428860
10020620
10145154
10282945
10038823
10261483
10065100
9964640
9821348
9632613
9566800
9300679
9416157
9374362
9373399
9616595
10167411
10328203
10178097
10963443
10254391
10242076
10109914
9274939
9529635
9412175
9328548
9645372
9368714
9414065
9907290
9978769
10158856
10190226
10105970
9919308
10529363
9527357
9444452
9400991
9413750
9466822
9236644
9377010
9657576
10138950
10011750
10208059
10041934
10162504
10114450
9806053
9513709
9448304
9461656
-------------------------
Executing: test_arm_depthwise_conv_fast_s16
9903439
9656353
10101710
8450908
6997268
7008600
6952269
7289944
7144023
6964639
6873568
6934288
7048488
7083450
6854773
7028971
6938566
7101394
6793015
6909493
6903956
6947807
7399403
7079932
7002157
7069210
6828625
7145745
6954806
6880679
6903178
7064580
7028804
7211372
6940640
6932751
7043877
6921344
7405644
7080025
7084209
6962769
7187188
7026526
6983287
6836717
7157207
6828940
7175374
6973713
7154837
7129357
7049285
7030489
7080414
6895068
7148615
6803959
7195762
6914678
7132301
6890363
7271982
6876253
7212613
7032970
7208650
6974065
7092246
7020804
6955695
6917899
7130374
6970583
7158559
6907049
7143670
6901548
7128208
7024378
6935751
6891363
7365961
6972176
7125301
7232427
7602731
6929214
7099987
6898956
6972917
6968584
6936418
7112153
6826866
7099598
7006712
7768818
7219946
7025119
-------------------------
Executing: test_arm_depthwise_conv_s16
6835366
6909085
6824032
6996638
6878124
6820792
7040377
7079247
6874068
6934696
7021545
6891771
6984361
6743905
6918326
7014230
6805552
6783866
6955084
6919344
6810477
6865642
7207576
6739517
6757646
6887697
6834995
7015453
6668574
6956621
6771404
6936306
6816181
6909011
6841698
6716461
7114319
6819033
6920381
6721554
7016878
6726980
6799403
6850698
6888142
6872642
7058173
7283889
6863291
6942269
6705277
6856216
6802440
6962435
6876587
7006971
6723387
7393348
6759627
6762849
6800163
6795256
6988324
6756998
7129708
6807330
6927992
6857810
6984545
6892178
6917196
6818366
6851772
6867808
6796440
6999842
6774756
6895715
6853402
6934788
6829477
6961102
6881475
6986324
6931622
6801774
7000305
6746164
6978861
6743665
6954676
6976602
6854476
6867920
7051340
6917937
6850402
7203262
7492605
6781978
-------------------------
Executing: test_arm_depthwise_conv_s8
6934325
6783904
6625390
7033748
6963825
6852291
6667278
6750479
6867920
7149930
6799570
6790311
6972935
6640241
6889716
6686462
6868957
6773608
6991213
6710795
6809496
6881197
6815310
6765256
6767441
6948159
6923400
6825329
6730332
6880438
7075006
6946214
6813329
6791255
6823848
6937547
6904197
6856494
6898642
6873660
6838809
6854346
6995268
6841513
7084525
6911881
6937455
6867920
7036897
6841013
7014564
7028804
6998101
6875976
6892864
6906400
6963288
6995601
6969620
6748405
6884845
6968546
7022489
6997583
6828106
6708165
6819329
6805496
6884326
6889086
6794163
6946918
6686073
6894586
6895863
7302092
6771016
6790978
6835754
7021230
6840494
7078876
6945029
6910863
6790830
6906271
6924103
7048081
6992250
6887086
6984028
6822236
6996323
7112968
6849976
7075228
7018638
6762015
6844124
7579491
-------------------------
Executing: test_arm_depthwise_conv_s8_opt
8010681
8068346
7905888
7970109
8111678
7868574
8198768
8026015
7880538
8046828
7985145
8032385
7999182
7972942
7953943
7906869
7890166
8016755
8076735
7950942
8033773
7945516
8066161
7846630
7897352
7991293
8091549
7773615
7856742
7877481
7995849
7964849
7958108
7928906
7961739
7927740
7941110
7924572
7948646
7863593
7901907
7943609
7926424
7803539
8055494
7753596
7872685
8324172
7931665
7846001
7931073
7906184
7901370
7892648
7776707
7878666
7860685
7914351
7998663
7811705
7842798
7987756
7991571
7867482
7887204
8013589
7834817
7950350
7843038
7980775
7887111
7857649
8036514
7965349
7812817
7950924
7874333
7911869
7829872
7934369
7857371
7840983
7901684
7718523
7865167
7978534
7864316
7938850
8069531
8018533
8148474
10531568
8065698
7937813
7850853
8063995
8092623
7964701
7939665
7992016
-------------------------
Executing: test_arm_ds_cnn_l_s8
29479155
29351456
29287272
29052723
29395880
28892562
29188608
29397380
29397528
29101648
28990059
29202886
29338770
29057150
29514043
28892525
28994337
29034224
29023447
30010695
29079649
29036317
29271309
29003651
28959505
28863026
29075556
28851730
33083471
29093945
50985091
50018306
42844988
43211681
42593440
43434507
42619421
42635161
30654897
29436971
28776973
29042928
28936597
29116926
29284347
29032150
28910747
29146592
29065705
28998855
29134443
29106704
29171239
28964523
29460563
28971411
29631984
29398584
29484192
29322493
29032391
29093482
29224922
28935987
29119185
29549709
28988966
29192386
29037669
29063539
29086871
28828638
28984949
29188460
29015948
28800824
29114481
29186776
29606262
29042965
28832805
29027725
29139184
28939246
28910191
28984448
29596429
29040372
28968782
29159961
28858989
29023836
28901024
29044224
29079352
29073575
28941005
28975893
28958245
29106241
-------------------------
Executing: test_arm_ds_cnn_s_s8
9505987
9626077
9381362
9479136
9467489
9549060
11893747
9279902
9468655
9553060
9576633
9626095
9402472
9615392
9418897
9741702
9414231
9633095
9518339
9570133
9683112
9680315
9526709
9614780
9468544
9647316
9550449
9464192
9448767
9637168
9603577
9703297
9634428
9453989
9472229
9556894
9523931
9535486
9363695
9711685
9482285
9524080
9379843
9344899
11845749
9480692
9545190
9473951
9511728
9639502
9454896
9521487
9716851
9409471
9650112
9489322
9478877
9696389
9675056
9431323
9557856
9462470
9370751
9534820
9465452
9354436
9417009
9415398
9545079
9659038
9507432
9441842
9457100
9531301
9550061
9671760
9500432
9675778
9518950
9587467
9587485
9427267
9620651
9438934
9532227
9437786
9569430
9517024
9564134
9414416
9394028
9523005
9492433
9511728
9783683
9765443
9512376
9464933
9529968
9495099
-------------------------
Executing: test_arm_elementwise_add_s16
6880604
6623205
6880030
6818496
6689240
6805810
7085376
6792274
6838735
6742923
6828310
6600780
6843994
6791552
7195502
6779107
7492549
6627464
6665723
6561003
6646186
6858772
6528745
6748220
6732628
6752201
6640372
6817069
6792089
6593336
6739072
11066958
6954417
6733053
6612039
6762312
6758831
6782922
6745646
6779774
6812737
6894919
6719036
6687351
6653667
7187873
7282703
6772997
6803922
6682370
6662629
7065025
6752498
6866938
6740701
6908029
6898733
6879772
6722943
7353275
6874272
6622835
6903308
6918640
6774831
6751571
6648353
6874753
6648890
6813589
6832736
6681389
6834365
6775256
6701296
6577040
6803496
6981065
6633908
6652445
6864346
6843069
6605873
6777219
6669555
6861550
6698332
6962787
6694833
6571374
6635409
6705702
6715591
6654668
6631242
6710740
6736572
6888327
6735480
6743405
-------------------------
Executing: test_arm_elementwise_add_s8
6874420
6690148
6882975
6725961
6765145
6807940
6707184
6829736
6703055
6861180
6883549
6883160
6740239
6874679
6839235
6662538
7276333
6803366
6741923
6971787
6702869
6673592
6697832
6818496
6810607
6797737
6809626
6788792
6885123
6820421
6940733
6675259
6814607
8733641
6794348
6782571
6819958
6705758
6746368
6901900
6813755
6749534
6785330
6880531
7143912
6919344
6692481
6732794
6813625
7033304
6760663
6705499
6834087
6720479
6829513
7112635
6865401
6674870
6714739
6830347
6625205
6801848
6634964
6621095
6820847
7078136
6830995
6703444
6806163
6932899
7155948
6977620
6752702
6769108
6797181
6840606
6697370
6770422
6850401
6868938
6860661
11147604
10847465
11069755
10701247
10853280
10926166
11530074
10910667
10958739
11042533
10999924
11156807
11617127
10031120
10027360
10043286
9967362
10326000
10263724
-------------------------
Executing: test_arm_elementwise_mul_s16
10311666
9383750
9389343
9460748
9255754
9301198
9491729
9606947
9272976
9512302
9346196
9327437
9418230
9373047
9569078
9521969
10126895
10238799
10688062
10192689
10383368
10123635
10319333
10213614
9989658
10447347
10183523
10233780
10288556
9908587
9517320
9318456
9642390
9292790
9295716
9842681
9657446
10970480
10811929
11140604
11048496
11104827
11098735
7528196
6768294
6724277
6796274
7045507
6663685
6682648
6934548
6888086
6814718
6768960
6901919
6796200
6735294
6715924
6700277
6702332
7010823
6719758
6965824
6792811
6746275
6790996
6743108
6926604
6678889
6639056
6853346
6869994
6862457
6638056
6699611
6693759
6670629
6713702
6597706
6737609
6803570
6655630
6724831
6902493
6701295
6665278
6888642
6887919
6674593
6701240
6793145
6876049
7300315
6768053
6742424
6767515
6878586
6715517
6936826
7058340
-------------------------
Executing: test_arm_elementwise_mul_s8
6774331
6783812
6802607
6914567
6717202
6677759
6712795
6900641
7010008
6628150
6776256
6762923
6720665
6801533
6815569
6853550
6775923
6844050
6935140
6744479
6608761
6703388
6768812
6760016
6827476
6765738
6790700
6839977
6708924
6732924
6622131
6746276
6729091
6765757
6789941
6677296
6726351
6767811
6662611
6733906
6681704
6932973
6760886
6949121
6984583
6880105
6797700
6640094
6819829
6809255
6706388
6797848
6816662
6731461
6746794
6720351
6800978
6844309
6844865
6653001
6731406
6676241
6796515
6738164
6785496
6791200
6722202
6729628
6718461
6771460
6656852
6821255
6745312
6689074
6724184
7040470
6785701
6756108
6799793
6782459
6652982
7180670
7826187
6678204
6800700
6850791
6553726
6667796
6654926
6646834
6812199
6642241
6729295
6677333
6663389
6791570
6615483
6778126
7811391
9432249
-------------------------
Executing: test_arm_fully_connected_s16
7425254
7022971
6786886
6820865
6818977
6909012
7039304
6692092
6746090
6940547
6911548
6785459
7061914
6810736
6872253
7259186
6725628
6836939
6921122
6807551
7011712
6916197
6893920
6762367
6945659
6787756
6835662
6787534
6795718
6960194
7991164
6792829
6935880
6846920
6778219
7240278
6792959
6816143
6818922
6976324
6775016
6885160
6785423
6840532
6802089
6756534
6992934
6763590
6893086
7093376
7017008
6919141
6764867
6857828
6771664
6865939
6934640
6749775
6849532
6980324
6985916
6785201
6827273
6868808
6801885
6797700
7031378
6856328
6796422
6823125
6772904
6935640
6708851
6916511
6776756
6878160
6928344
6841958
7000250
6968343
6983768
6868975
6888845
6915307
6856476
6839606
6664537
6940899
6912770
6741757
6835458
6819329
6759294
6904012
6768071
6814625
6736294
6796163
6926936
6857568
-------------------------
Executing: test_arm_fully_connected_s4
6732646
6742961
6811514
6834681
6742498
6775256
6679315
6926937
6828069
6712129
6688981
6830921
8385559
6799885
6737813
6802903
6941603
7264186
6855587
6758312
7003379
6869864
8098623
6705833
6889864
6682536
6762571
6743146
6629816
6834347
6915492
6811440
6726443
6861254
6796496
6770701
6783737
6864106
6930492
6809940
6792218
6664741
6822347
6712221
6721499
6775016
6787274
6886623
6786885
6733183
6757923
6824532
6806533
6733979
6674778
6685203
6815681
6749312
6766590
6709146
6614465
6728424
6789941
6812292
6773404
6802959
6662963
6785682
6752368
6849347
6610594
7074358
6714202
6839939
6662333
6703333
6720425
6798700
6705295
6677333
6789015
6675074
6788756
6706351
6740794
6664796
6698314
6793811
6708128
7005860
6721813
6651575
6800885
6613206
6912270
6696147
6641519
6914529
6854957
6879030
-------------------------
Executing: test_arm_fully_connected_s8
6650260
6732647
6669963
6687203
6662444
6660815
6858346
6624113
6879030
6804607
6787978
6649760
6913789
6917770
7671266
6882752
6728683
6625724
6661815
6782775
7130264
6575262
6800645
6747275
6879809
7136152
6755386
6717776
6743220
6643223
6632686
6646278
6841365
6685629
6785404
6716609
6836680
6607076
6717702
6770664
6897215
6734591
6860050
6657093
6701758
6654815
6678574
6708166
6824069
6829791
6800792
6937695
6766664
6603928
6760757
6784515
6746256
6780293
7122875
6911289
6786552
6943306
6780182
6656667
6720017
6836458
6812180
6999545
6816162
6966861
7076673
6692351
6935381
6763108
6966695
6889123
6712203
6760645
6745183
6797533
6794644
6639260
6847846
6661945
6688222
6750813
6709221
6855994
6592725
6646945
6870735
6936103
6887493
6593780
6671204
6612835
6674426
6816403
6606039
6645427
-------------------------
Executing: test_arm_lstm_unidirectional_s16_s8
6931752
7063618
7136578
6872734
6726777
6839809
6872216
6817644
6955713
6723480
6859013
6813311
6827903
6914956
6724831
6981268
6836032
7466624
7093895
6936510
6844384
6881845
6670666
7034545
6903918
6887827
6931695
6821828
6781127
7003916
6720054
6999620
6943121
6964639
6942528
6907956
6917289
6933955
6934548
6805718
6912048
7027564
6797645
7033674
6918918
7007768
6873586
6786812
6896271
6827625
7003175
6917733
7060136
6737924
6960825
11124752
11070107
11356301
11326766
11298562
11262656
10808022
10184986
10120173
10114765
10075841
10237280
10577418
10269982
10316388
10147412
10089785
10215021
10320240
10269779
11386800
11242953
11126678
11228860
11288970
11283452
10945092
11446817
11236843
11152807
11181195
11229212
11011886
10309518
10301167
10223355
10192263
10430625
10690766
10996960
11169140
12044373
11312895
11181510
11467909
-------------------------
Executing: test_arm_max_pool_s16
11184843
10246891
10304037
10094192
10194522
10200818
10647027
10918425
11120087
11031181
10996294
11160085
11063459
11089791
10097932
10020508
10175671
10331481
10174800
10241039
10247743
9320993
9344363
9306383
9339752
9644687
9868865
9755258
9708074
9684167
9263550
9233607
9259347
9414046
9670593
9771572
10368517
10222614
10146116
10234132
10383053
10335425
9758295
9296901
9508413
9151758
9327382
9376917
9496432
9568652
11412855
11001739
10916797
10962166
10681433
11051829
10994516
11343912
10995164
11005109
11010886
11552314
10854002
6690240
7266037
6950676
6893864
6844624
6876586
6827662
7328591
6825791
6678925
6851106
6843717
7130560
6875975
6779997
6815125
7044081
6919029
6907178
6820402
6992564
6792663
6946917
6767089
7030618
6886309
7021712
6800367
6999915
6868994
6702370
6955547
6697796
6779663
6715443
6661816
6960954
-------------------------
Executing: test_arm_max_pool_s8
6664445
7215020
6848550
6989120
7034193
6966917
6956010
7039655
6938029
6947529
6928936
7050877
6814773
6968528
6820866
7120412
7109357
6882272
6834292
6788515
6921029
7007249
7135060
6833977
6919881
6941232
6959825
6711536
6873235
6866383
6800607
7107282
6795441
6748386
6672315
6968084
6927992
6767830
6794681
6941677
6752867
6788404
6850976
7023304
6908697
6789718
6875253
7043507
6926974
7022341
6911363
7019822
6940418
6904826
6772608
7022211
6726443
6902456
6887345
6949028
6866735
6981658
7074766
7053933
6977528
6745368
7645803
6893808
7023508
7058655
6867291
7555343
6898845
7095190
6817181
6939621
7220835
7146690
7079636
6929104
6733387
6845810
7221946
6921252
7064248
6978546
7030119
6843291
6975824
6830866
6863661
6828199
6982102
6901382
6782497
6879753
6877715
6876179
6740146
6906326
-------------------------
Executing: test_arm_softmax_s16
6630039
6847310
6982379
6869883
6631742
6767405
6996620
6809922
6925177
6653334
10453126
6651723
6872624
6730998
6828144
6697611
6797774
7026267
6798533
6896308
6666019
6736683
6893326
6906104
6870031
6710240
6728332
6701018
6809144
6669370
6804884
6779034
6716517
6848327
6760460
6855939
6884957
6882549
6725294
7004786
6682166
6691333
6763979
6729628
6872327
6832810
6968306
6603317
6893604
6701888
6736368
6950714
6677278
6715721
6780441
6864068
6824755
7027934
6741868
6986620
6838365
6673704
6855531
6936418
6942010
6703833
6857642
7544028
7017156
6650982
6765571
6626761
6898567
6974583
6795367
6764423
6906696
6772589
7207854
6817791
7060803
6804496
6736516
6941251
6847809
6861438
6856346
6994268
6732406
6607094
6882364
6719295
6801181
6838087
7101784
6761034
6631501
6775052
6647556
6723257
-------------------------
Executing: test_arm_softmax_s8
6813052
6783126
6712739
6721646
6943140
6832588
6823088
7030563
6844179
6731757
6841032
7375163
6775034
7027323
6972658
6937585
6818162
6832921
6832680
7094728
6806162
6843736
7126357
6725405
6815088
6855087
6897290
6757997
6804107
6921547
6818626
6724905
6799922
6760627
6957639
6826291
6680870
7054451
6769830
6711054
6967083
6835458
6891641
6969953
6956010
6808903
6931418
6754498
6811737
6751109
6856161
6796070
6859698
7055711
6949750
6746812
6777163
6902863
6796163
6797941
6767367
6849606
6917251
6918196
6962565
6801422
6833699
6671592
6865291
7645841
6750627
6843883
6875234
6812422
6734387
6807441
6827643
6771774
6811421
6897548
6707184
6833662
6757275
6914937
6817884
6856495
6729610
6991990
6747665
6777126
6843643
7109542
6975009
6748238
6908567
7001156
6876975
6936010
6855475
6953881
-------------------------
Executing: test_arm_softmax_s8_s16
6826365
6966787
6755535
6834699
6756942
7029026
6824218
6800329
6926252
6903845
6969009
6831773
6971379
6764423
6776386
7241927
6866328
6734627
6684241
6846106
6804292
6925770
6793404
6942862
6825162
6779033
7118931
7113208
6821403
6795274
6968898
6926566
7051600
6882771
6829588
6929436
6861772
6878272
6893086
6814663
6789274
7024359
6686351
6949417
6916214
6876994
6767442
6755405
6844754
6865290
6863272
6726184
7018064
6833698
6952714
7068858
6885382
6678166
6824717
6902363
6716239
6948287
6781293
6923770
6818125
6772182
6945362
6869679
6969028
6885920
7090302
7972127
7773114
6806384
6717628
6885067
6871420
6939640
7068396
7170448
6771182
7031822
6862791
6865569
6727091
6925844
6907919
6952140
6937011
6895178
6902438
6769534
6896530
6850791
6894345
6807774
6889493
6841161
6762220
6968398
-------------------------
Executing: test_arm_svdf_s8
6779182
6950510
6909400
6940121
6916937
6832087
6947491
6926103
6788607
6987657
7038989
6793904
6878419
7045044
6823254
6906770
6854346
7202688
6795941
6736035
6970416
6962454
6952047
7027804
6738220
6781071
6686852
6856309
6685610
6810625
6808440
6801014
6849087
6686852
7214947
6645667
6931029
6822847
6752090
6854772
6869105
6768700
6828588
6885900
6757608
6753275
6785589
6930177
6897511
6745313
6777219
6731128
6683981
6721851
6846032
6817606
6838773
6760664
6744535
6863680
6830588
6797348
6678333
6836883
6675814
6890475
6793311
6843180
6903956
6718813
7804113
12361363
12266256
12471212
12476211
12015967
10820503
10018583
10259835
10542271
10224040
10517197
10200707
9531783
9544338
9301308
9284476
9495747
9404157
9519635
10022416
10911111
11429762
11077013
10927370
10928315
11234638
10293352
10250909
10176115
-------------------------
Executing: test_arm_svdf_state_s16_s8
10192040
10204466
10440848
10211466
10294537
10272686
10080322
10082637
10024360
13198782
10308907
10120358
10371609
10369202
10378609
10505105
10148116
8942227
6920345
6914197
6854976
6937140
6819903
6862364
6835903
6975157
6833828
6708406
7076154
6985101
6859328
6806293
6881457
6742442
6985324
6976768
6918697
6802958
6755609
6920955
6960102
6941010
6903160
6944250
6707073
6936806
7004212
6924659
6854791
7560991
6845124
6729553
7009674
6794626
7047581
7010360
6942455
6780682
6912326
6846050
7158948
6901197
6907492
6918623
6896475
7358016
6815421
6869846
6863994
6776071
6922178
7033007
6869883
6950492
6805625
7456236
6992416
6996972
6883160
7143319
6817570
6989749
6974638
6861476
6910622
7250093
6889808
6983990
6888383
7082802
6875623
6973213
6802200
6890438
6776219
7284574
6899678
6965862
7031860
6983620
-------------------------
