0.000026
0.000030
0.000024
0.000029
0.000025
0.000022
0.000024
0.000023
0.000024
0.000024
0.000024
0.000026
0.000025
0.000024
0.000026
0.000024
0.000024
0.000025
0.000023
0.000026
0.000024
0.000024
0.000024
0.000025
0.000025
0.000024
0.000025
0.000025
0.000025
0.000023
0.000026
0.000024
0.000026
0.000024
0.000024
0.000025
0.000024
0.000024
0.000024
0.000089
0.000026
0.000026
0.000024
0.000024
0.000025
0.000025
0.000024
0.000024
0.000024
0.000021
0.000024
0.000025
0.000026
0.000024
0.000025
0.000025
0.000025
0.000024
0.000024
0.000026
0.000025
0.000022
0.000023
0.000025
0.000024
0.000025
0.000024
0.000026
0.000025
0.000025
0.000025
0.000024
0.000025
0.000024
0.000025
0.000024
0.000024
0.000024
0.000025
0.000023
0.000024
0.000025
0.000023
0.000025
0.000024
0.000024
0.000025
0.000025
0.000024
0.000025
0.000025
0.000024
0.000024
0.000024
0.000023
0.000026
0.000025
0.000025
0.000024
0.000024
0.000024
0.000024
0.000026
0.000024
0.000025
0.000025
0.000024
0.000025
0.000025
0.000023
0.000024
0.000024
0.000024
0.000026
0.000024
0.000025
0.000024
0.000023
0.000024
0.000024
0.000023
0.000024
0.000024
0.000026
0.000025
0.000023
0.000025
0.000024
0.000024
0.000024
0.000024
0.000025
0.000025
0.000025
0.000024
0.000024
0.000024
0.000024
0.000025
0.000024
0.000026
0.000025
0.000021
0.000025
0.000025
0.000023
0.000024
0.000024
0.000023
0.000049
0.000024
0.000022
0.000024
0.000025
0.000023
0.000025
0.000024
0.000026
0.000021
0.000024
0.000025
0.000025
0.000026
0.000024
0.000025
0.000025
0.000024
0.000024
0.000024
0.000024
0.000024
0.000024
0.000025
0.000026
0.000024
0.000025
0.000024
0.000025
0.000024
0.000024
0.000025
0.000023
0.000024
0.000024
0.000025
0.000025
0.000024
0.000024
0.000027
0.000026
0.000025
0.000024
0.000025
0.000025
0.000024
0.000023
0.000024
0.000024
0.000026
0.000024
0.000025
0.000025
0.000024
0.000026
0.000025
0.000024
0.000024
0.000024
0.000024
0.000023
0.000025
0.000024
0.000023
0.000025
0.000024
0.000026
0.000024
0.000024
0.000025
0.000024
0.000025
0.000024
0.000024
0.000114
0.000025
0.000025
0.000025
0.000024
0.000025
0.000025
0.000025
0.000024
0.000024
0.000025
0.000025
0.000024
0.000023
0.000024
0.000024
0.000023
0.000025
0.000024
0.000024
0.000025
0.000025
0.000025
0.000024
0.000025
0.000024
0.000023
0.000024
0.000026
0.000026
0.000023
0.000024
0.000025
0.000023
0.000024
0.000024
0.000021
0.000024
0.000023
0.000025
0.000026
0.000024
0.000025
0.000107
0.000025
0.000025
0.000024
0.000023
0.000023
0.000024
0.000023
0.000025
0.000024
0.000024
0.000023
0.000024
0.000026
0.000025
0.000024
0.000024
0.000024
0.000024
0.000024
0.000024
0.000024
0.000023
0.000022
0.000025
0.000025
0.000024
0.000025
0.000025
0.000025
0.000026
0.000024
0.000025
0.000024
0.000024
0.000023
0.000025
0.000025
0.000025
0.000025
0.000024
0.000023
0.000024
0.000024
0.000024
0.000021
0.000023
0.000025
0.000024
0.000026
0.000025
0.000022
0.000025
0.000024
0.000024
0.000023
0.000025
0.000025
0.000022
0.000025
0.000025
0.000025
0.000025
0.000025
0.000024
0.000026
0.000024
0.000025
0.000023
0.000022
0.000024
0.000024
0.000026
0.000026
0.000023
0.000024
0.000023
0.000023
0.000023
0.000024
0.000024
0.000025
0.000024
0.000025
0.000023
0.000023
0.000024
0.000024
0.000023
0.000024
0.000024
0.000024
0.000024
0.000026
0.000026
0.000025
0.000024
0.000024
0.000026
0.000026
0.000024
0.000024
0.000025
0.000025
0.000023
0.000024
0.000024
0.000022
0.000025
0.000024
0.000024
0.000025
0.000025
0.000024
0.000024
0.000026
0.000025
0.000026
0.000023
0.000023
0.000024
0.000026
0.000023
0.000024
0.000026
0.000024
0.000025
0.000024
0.000025
0.000024
0.000024
0.000024
0.000024
0.000024
0.000025
0.000025
0.000023
0.000024
0.000024
0.000025
0.000024
0.000025
0.000022
0.000024
0.000024
0.000024
0.000069
0.000025
0.000024
0.000024
0.000025
0.000025
0.000025
0.000024
0.000025
0.000024
0.000024
0.000024
0.000025
0.000025
0.000025
0.000023
0.000026
0.000056
0.000071
0.000025
0.000025
0.000024
0.000025
0.000024
0.000025
0.000024
0.000024
0.000025
0.000024
0.000024
0.000024
0.000023
0.000024
0.000025
0.000023
0.000024
0.000024
0.000025
0.000024
0.000023
0.000023
0.000025
0.000024
0.000025
0.000025
0.000023
0.000024
0.000024
0.000023
0.000024
0.000024
0.000025
0.000023
0.000021
0.000024
0.000025
0.000026
0.000023
0.000026
0.000024
0.000024
0.000023
0.000025
0.000025
0.000024
0.000023
0.000024
0.000025
0.000024
0.000024
0.000025
0.000024
0.000024
0.000025
0.000024
0.000025
0.000025
0.000025
0.000024
0.000024
0.000022
0.000024
0.000025
0.000025
0.000023
0.000026
0.000025
0.000024
0.000024
0.000024
0.000025
0.000023
0.000024
0.000025
0.000027
0.000024
0.000022
0.000024
0.000023
0.000025
0.000024
0.000023
0.000025
0.000025
0.000024
0.000024
0.000024
0.000026
0.000024
0.000025
0.000024
0.000025
0.000024
0.000024
0.000024
0.000024
0.000025
0.000025
0.000024
0.000023
0.000024
0.000023
0.000035
0.000037
0.000037
0.000037
0.000036
0.000037
0.000037
0.000039
0.000038
0.000045
0.000024
0.000024
0.000026
0.000024
0.000024
0.000025
0.000024
0.000025
0.000024
0.000025
0.000024
0.000025
0.000023
0.000024
0.000025
0.000025
0.000022
0.000026
0.000025
0.000024
0.000024
0.000024
0.000025
0.000024
0.000025
0.000024
0.000023
0.000026
0.000024
0.000024
0.000026
0.000024
0.000024
0.000025
0.000025
0.000025
0.000024
0.000023
0.000068
0.000024
0.000024
0.000025
0.000025
0.000023
0.000024
0.000024
0.000022
0.000024
0.000024
0.000024
0.000024
0.000025
0.000024
0.000024
0.000024
0.000024
0.000025
0.000023
0.000024
0.000024
0.000024
0.000025
0.000024
0.000025
0.000025
0.000025
0.000024
0.000023
0.000021
0.000024
0.000024
0.000024
0.000025
0.000025
0.000025
0.000024
0.000024
0.000024
0.000024
0.000024
0.000024
0.000025
0.000024
0.000025
0.000023
0.000025
0.000025
0.000024
0.000024
0.000056
0.000024
0.000024
0.000025
0.000025
0.000024
0.000025
0.000031
0.000023
0.000024
0.000025
0.000023
0.000024
0.000025
0.000025
0.000026
0.000024
0.000024
0.000023
0.000025
0.000025
0.000025
0.000022
0.000023
0.000024
0.000023
0.000024
0.000025
0.000024
0.000025
0.000024
0.000024
0.000025
0.000025
0.000024
0.000025
0.000024
0.000023
0.000023
0.000024
0.000022
0.000023
0.000024
0.000023
0.000024
0.000025
0.000024
0.000023
0.000022
0.000024
0.000025
0.000025
0.000024
0.000025
0.000024
0.000028
0.000026
0.000023
0.000024
0.000024
0.000024
0.000025
0.000025
0.000025
0.000024
0.000024
0.000023
0.000024
0.000024
0.000024
0.000027
0.000025
0.000022
0.000024
0.000023
0.000025
0.000025
0.000025
0.000023
0.000024
0.000022
0.000024
0.000023
0.000024
0.000023
0.000025
0.000024
0.000026
0.000025
0.000024
0.000024
0.000025
0.000023
0.000025
0.000024
0.000025
0.000025
0.000024
0.000024
0.000023
0.000026
0.000025
0.000024
0.000024
0.000024
0.000025
0.000024
0.000024
0.000023
0.000024
0.000026
0.000024
0.000023
0.000024
0.000023
0.000024
0.000024
0.000024
0.000025
0.000024
0.000023
0.000024
0.000024
0.000024
0.000025
0.000025
0.000025
0.000024
0.000023
0.000024
0.000024
0.000024
0.000024
0.000025
0.000023
0.000023
0.000026
0.000024
0.000024
0.000024
0.000023
0.000024
0.000024
0.000025
0.000025
0.000025
0.000024
0.000024
0.000025
0.000026
0.000024
0.000024
0.000022
0.000025
0.000023
0.000023
0.000025
0.000024
0.000024
0.000024
0.000025
0.000023
0.000025
0.000023
0.000026
0.000024
0.000024
0.000024
0.000024
0.000025
0.000024
0.000023
0.000025
0.000024
0.000023
0.000024
0.000025
0.000024
0.000022
0.000023
0.000025
0.000024
0.000023
0.000026
0.000023
0.000026
0.000025
0.000026
0.000024
0.000024
0.000023
0.000024
0.000023
0.000024
0.000026
0.000024
0.000022
0.000023
0.000023
0.000023
0.000026
0.000023
0.000025
0.000024
0.000024
0.000025
0.000024
0.000023
0.000024
0.000025
0.000025
0.000025
0.000025
0.000024
0.000024
0.000025
0.000024
0.000024
0.000024
0.000025
0.000025
0.000024
0.000024
0.000024
0.000024
0.000024
0.000023
0.000024
0.000026
0.000024
0.000024
0.000023
0.000024
0.000024
0.000023
0.000023
0.000024
0.000025
0.000025
0.000025
0.000025
0.000023
0.000026
0.000025
0.000022
0.000025
0.000025
0.000024
0.000024
0.000024
0.000024
0.000023
0.000025
0.000026
0.000023
0.000024
0.000024
0.000026
0.000023
0.000025
0.000026
0.000024
0.000024
0.000024
0.000026
0.000021
0.000024
0.000024
0.000024
0.000023
0.000025
0.000024
0.000054
0.000024
0.000025
0.000025
0.000023
0.000025
0.000024
0.000025
0.000023
0.000024
0.000023
0.000023
0.000024
0.000025
0.000023
0.000023
0.000026
0.000025
0.000024
0.000024
0.000024
0.000024
0.000024
0.000024
0.000024
0.000024
0.000025
0.000025
0.000025
0.000023
0.000024
0.000025
0.000024
0.000024
0.000025
0.000025
0.000024
0.000025
0.000024
0.000025
0.000024
0.000024
0.000025
0.000027
0.000024
0.000024
0.000024
0.000023
0.000025
0.000026
0.000024
0.000025
0.000025
0.000024
0.000023
0.000025
0.000025
0.000025
0.000024
0.000026
0.000023
0.000023
0.000023
0.000024
0.000026
0.000025
0.000024
0.000023
0.000024
0.000023
0.000024
0.000024
0.000025
0.000024
0.000026
0.000024
0.000025
0.000025
0.000023
0.000024
0.000025
0.000024
0.000023
0.000025
0.000025
0.000025
0.000024
0.000024
0.000025
0.000025
0.000024
0.000025
0.000023
0.000026
0.000025
