Executing: test_arm_avgpool_s16
22694770
20926973
7899611
7599508
7641970
6777571
6751738
7550511
7031100
6745849
6763867
6683055
6708017
6998694
6882846
6680870
6846625
6759775
6792089
6956714
6665352
6898863
6772442
6770831
6749571
6710981
6712314
6770108
6825143
6747016
6675260
6844162
6666148
6908048
6721554
6975306
6712073
6810255
6891105
6745461
6796588
6610891
6785441
7161911
6697110
6849050
6609632
7001083
6848365
6716092
6707925
6691722
6667556
6749702
6944918
6796108
6797922
6630890
6831810
6773942
6955640
6824459
6943547
6871865
6927715
6772423
6700129
6832402
6715777
6976306
6811070
6859679
6956602
6929474
6934844
6897105
6779275
6765424
6821088
6845773
6836180
6676945
6748590
6765034
6930714
6849161
6773942
6762089
6647131
6791403
6791793
6854753
6727387
6885716
6833902
6673352
7027822
6711795
6814422
7599990
-------------------------
Executing: test_arm_avgpool_s8
6869864
7002379
6851142
6772275
6715109
6842125
6793163
6868734
6715128
7180114
6825959
6796478
6966029
6784812
6691314
6824162
6882920
6878550
6940270
6636242
6911622
6822514
6713258
6809755
6697277
7069192
6773460
6878531
6839588
6878402
6742016
6892771
7093728
6891049
6735535
6913789
6706740
6701369
6751739
6743887
6799774
6821274
6780941
6859735
6801570
6758886
6929622
6719906
6725720
6710091
6967157
6783774
6817181
6817403
6788738
6729628
6753775
6911364
6705055
6927511
6688167
7189410
6679148
6804033
6703684
6890346
6995731
6662056
6780700
6712258
6808663
6760478
6757868
6896826
6902012
6703795
6704555
7013749
6804718
6919956
6747090
6867068
6779590
6787756
6684148
6903105
6890253
6813125
6802274
6997657
6771071
6768831
6916863
6864809
6795589
6954436
6662760
6978453
6803959
6691814
-------------------------
Executing: test_arm_convolve_1_x_n_s8
7398386
8777343
7544696
7548881
7460865
7793040
7371090
7494197
7746745
7347868
7424385
8084235
7389830
7871149
7353479
7502827
7706376
7879352
7474013
7390645
7624045
7756893
7448809
7732357
7810409
7382089
7347239
7555584
7742541
7514789
7693617
7524011
7390367
7682228
7732727
7653192
7483772
7549381
7556084
7602027
7876038
7598935
7738171
7483975
7602435
7641692
7533844
7412533
7671062
7748486
7554899
7791577
7622841
7484827
7934239
7534585
7317813
7666580
7640044
7806984
7463032
7902611
7577121
7469328
7526770
7575416
7576436
7870945
7577769
7604509
8052866
7771781
7905814
7611360
7475031
7572899
7631841
7428403
7587175
7599490
7692247
7691654
7493679
7794485
7635674
7447421
7472217
7653525
7422718
7676543
7616157
7742949
7691728
7483142
7539122
7890981
7629841
7744615
7519882
7790355
-------------------------
Executing: test_arm_convolve_1x1_s8_fast
7028730
7096876
6960769
6914344
7096061
7129542
6805847
6958436
6905400
7003397
6910475
6875531
6838291
6790923
6888012
6714832
6859661
6779904
6929585
6962213
6765182
6842846
6951491
6977064
6894067
6909474
6876586
7094747
6830088
6797182
6816162
6892234
6708388
6924344
6963584
6767571
6828810
6668834
6818977
6768664
6797533
6968083
6707073
6938084
6778664
7102432
6737943
6993231
6796941
6731702
6718184
7017896
6991472
6814940
6883030
6765478
6849883
6737683
6918270
6847236
6848809
6796089
6858735
6841291
6810625
6872605
6779275
6932603
6908992
6924566
7015564
6862087
7082617
6796403
6767737
6802978
6855754
6782367
6985806
6708832
6869550
6917492
7302629
7244760
6788311
6909493
6880642
6955269
6877142
6902901
6968158
6925215
6764608
6959732
6902863
6925233
6808977
6896233
6978213
6813292
-------------------------
Executing: test_arm_convolve_fast_s16
6793200
6814774
6999472
6758702
6903012
7007175
6794626
7294666
7131671
6853068
6819496
6811218
6957381
6843588
6790070
6855810
6685074
6857828
6804681
6840365
7044081
6661649
7321554
6835495
6816311
6788459
7036174
6876827
6766812
6752368
6883993
7103598
6707629
7117098
6903474
6910067
6742368
6794756
6837365
6874549
6909697
6685555
6790145
6892771
6903512
6783775
6774793
6915104
6840328
6930233
6726406
6803533
6655056
7151374
6951084
6738239
6835698
6833921
6740720
6671871
6865364
6663908
6737998
6969214
6790237
6949750
6672870
6866290
7009009
7117079
6863401
6997787
6783459
6878383
7311018
6834532
6709443
6903715
6809403
6774627
6844402
6704888
6973843
6968084
6796996
6870438
6789441
7077636
6894641
7015397
6729943
6954658
6859198
6857847
7048914
6847976
6783885
6862994
7312240
7773707
-------------------------
Executing: test_arm_convolve_s16
7183021
6988824
8791510
12073299
11446187
11766400
12035726
11385208
11726734
10409201
10735135
10745542
11001887
10874482
10466718
10592584
11225084
10835188
10906982
10552030
10776190
10692673
10573770
10575751
10665989
10623379
10741413
10795115
10621139
10863927
10767338
10688896
10605658
10453996
10681174
10685155
10651582
10497921
11042015
10668452
10846780
10692526
11948136
11592720
11800288
11776715
11543703
11510445
10734635
10771727
10694562
10902223
10780541
10787597
10698285
10012250
10083803
9681038
9996269
9913050
9934123
10140579
10081619
9766350
9852273
10325444
9969955
9948011
9991677
10999904
10883760
10792227
10882038
10901223
10744598
10212262
9972566
10020453
9957289
9942993
9819885
10041342
10150116
10805337
10692396
10628583
10468884
10672119
10538734
10468606
10668989
10521419
10484902
10686359
10690414
10588695
10617454
10447441
10835761
10767616
-------------------------
Executing: test_arm_convolve_s8
11961153
11683439
11974542
11643737
11546833
11689125
11915191
11465150
11554666
11349228
11128494
11065106
10792338
10998423
10851206
11251861
11613478
11565054
11570795
11679569
12108483
11926173
10559863
10619121
11148141
10923759
11272767
11028348
12090168
11621053
12341976
12481304
11640701
12066150
11714013
11736790
11757215
12097593
11741845
12200868
9683408
7985460
7925814
7727598
7726393
7664007
7833965
7753763
8039977
7547029
8177028
7710024
7844112
8040718
7882408
7989774
7689692
7805688
7831205
7623156
7843371
7693043
7810688
7640655
7707764
7956554
7672451
7852223
7711765
7656266
7685432
7684284
7983627
8011515
7590453
7639230
7924481
8124770
7767300
7891000
7753633
7701876
7950980
7725912
7808909
7755467
7773448
7753282
7843334
7850965
7633323
7893388
7702302
7784096
7843539
7858482
7556602
7694043
7808725
7704876
-------------------------
Executing: test_arm_depthwise_conv_3x3_s8
6837514
6900122
6844680
6870976
6857087
6942677
7208762
6738757
7948610
6733258
6872475
6781441
6779144
6715202
6874383
6742553
7042137
7121672
6870068
6927807
6990694
8252693
6782571
6855920
7076284
7155523
7367127
6729183
6954380
6724073
6967917
7111801
7056747
6940177
6858975
6823384
6940177
7254667
6821199
6892178
6760775
6871791
6758831
6808293
6776738
6873012
6866921
7091802
6903604
6749146
6797070
6708796
6948344
6712980
6921399
6846513
7097431
6960732
6862384
6824014
6857957
6970473
6925251
6899771
6739868
6921993
6781460
7220965
6923640
6800348
6918826
6989342
6873216
6939159
6834995
6796848
6751479
6850587
6934880
6954788
6908122
6902344
6941603
6800182
7056099
6896346
6810404
7065969
6764942
6943474
6814866
6832533
6879124
6889382
6915308
6918325
7029193
6800533
7325425
6935714
-------------------------
Executing: test_arm_depthwise_conv_fast_s16
7147652
7214225
7058007
6991120
6984250
6955362
7070192
6973862
7035193
7041896
6973214
7009916
7022564
7096172
7074414
7004138
7063562
6867439
7438255
7167781
7046470
6987954
9283550
7054562
6950103
7030934
7042396
7125301
6953491
6973694
7024804
7262778
8309672
6978342
6930863
6958936
7067506
6965157
6939084
6935640
6991842
6822255
7021230
6958640
6947195
6911474
7030101
7023582
6901400
7076543
6928493
7018268
7182669
6935122
6992620
7100950
6918307
7088284
6908252
7167837
6961713
7088413
7001324
6943695
6823903
6930566
6935881
7067136
6937622
7060118
7036303
7034026
6904252
7188688
6989546
6837236
6969491
7021453
7425440
6975861
7072599
7239631
6949824
6840440
7085857
6986490
7057729
6962472
6971639
6882271
7039711
6809885
7018471
6855846
6953417
6996249
6999286
6717240
6847624
6764331
-------------------------
Executing: test_arm_depthwise_conv_s16
6757571
6853383
6779330
6777405
6683185
6815903
6695926
6803885
6744572
6611428
6882716
6878012
6984138
6749998
6799422
6854420
6862531
6930844
7357368
6730609
6891401
6848865
6715943
7264390
6904104
6836273
6795700
6908604
6878012
6884271
6804571
6904104
6749887
7160652
6923308
6729850
6875346
6844031
6887457
6865939
6837773
6664297
6740294
6814237
6882309
6835421
6700054
6891456
6655816
6765535
6892438
6860086
6802496
6730239
6971232
6747220
6984157
6824125
6883568
6790200
6853643
6869883
6861216
6827384
6700165
6808700
6806440
6954399
6663538
6890734
6847254
6825273
6801625
6758793
6997397
6780070
6864957
6900900
6760442
6817866
6935159
6879438
6675407
6972639
6787626
6782460
6784922
6768498
6845679
6888568
6710943
6841865
6900364
7228372
6922696
6785830
6919493
6819365
6844662
6967806
-------------------------
Executing: test_arm_depthwise_conv_s8
7192743
6862531
6871883
6850902
6840718
6908011
6876179
6839828
6855420
6841236
6982602
6791793
6806718
6935251
6952084
6715350
6937140
6712684
6925770
6743035
7243649
6725868
6944381
6935122
6954491
6873568
6878160
6856143
6916622
6848939
6878661
6824106
6767219
6892623
6740554
7110469
6885234
6938122
6857069
6993138
6884920
6770442
6861198
6772978
6841643
6948270
6926140
6957491
7016768
6844828
6826088
6847457
6849513
6783719
6795996
6865068
6879808
7021193
6861198
6791182
6845939
7065062
6890345
6804700
6928603
7032990
6895308
6860161
6918622
6821644
6726851
6958547
6821292
6852957
6961436
6891363
6877587
7030026
6769793
6758924
6927714
6766016
6872086
6912141
6767127
6857976
6985657
6770182
6797329
6812088
6725980
6967158
6958399
6822643
6830347
6684851
6880123
6751331
6934158
6768497
-------------------------
Executing: test_arm_depthwise_conv_s8_opt
7968664
7877223
7922406
7872982
7973738
7777744
7766411
7985460
7932832
7912240
7953591
7959553
8018959
8047180
7963442
7952554
7901055
8125974
7874741
7992737
8164381
8009663
8244119
7956480
8482722
7931850
8007552
8091142
7933943
7842668
7985664
8027996
7873352
8207527
7936091
8082475
7897685
11875304
14394079
14369469
14592795
14467595
13926705
13124766
13035177
13133728
13191097
13093786
13463237
13226152
13031899
12925290
13166339
13103841
13077434
13061842
13051676
13032899
12981770
13079119
12842330
13000714
13103063
12910143
13107915
13107988
13008325
13141265
13120526
13003270
12431009
11846583
12030948
12093409
11854268
12170777
12559987
12880885
12908106
13164320
13091063
13047990
13501476
13091619
14105996
13146173
13343556
13072693
12984659
12931957
13630584
13027806
13130581
12233682
12019356
11943320
12027059
11897322
12138370
12948309
-------------------------
Executing: test_arm_ds_cnn_l_s8
51241233
43633335
29095260
29146870
29239459
29332290
28881267
28918840
29127963
29103630
29055965
29272329
28913081
29429398
29127167
28776585
29077131
29272773
28796769
28808435
28798417
29078705
29297198
29021929
29154333
29044206
28936357
29054447
29418620
28998449
28921617
29033780
29221164
29306364
28991152
29209590
29250218
29419658
28948598
29219701
28838509
29003466
28947635
29032391
28660292
29204961
28926580
29037651
28977393
28807139
29167925
29471915
29482545
29201924
29227237
29040429
29664724
29331938
29153832
28896377
29525099
29073186
28973172
29260069
28973412
28863378
29109908
28827935
29287051
29129203
29372752
29030336
29017133
29551246
29075779
28956413
29431898
28768826
29223608
28834990
29183665
29118149
29700408
29032188
29844108
28927247
29251866
29213109
28876582
29065613
29237386
28816750
29353512
28854805
29068742
29395936
28959024
29043076
29329456
28990059
-------------------------
Executing: test_arm_ds_cnn_s_s8
9533672
9384028
9596022
9567430
9428379
9644372
9565893
9643188
9465433
9706055
9575837
9626947
9435490
9758536
9637483
9587429
9466859
9649538
9530227
9419694
9818811
9607336
9422213
9498043
9573634
9572578
9484877
9620410
9556856
9709574
9479804
9661186
9442730
9420675
9792275
9504858
9512080
9589300
10097822
10205948
9401398
9518524
9550801
10036750
9639521
9562746
9492506
10323963
9986177
9603966
9553171
9787220
9479211
9389343
9433508
9766480
9500117
9626872
9569967
9472100
9544023
9613299
9656761
9552819
9638502
9611114
9523931
9550190
9584523
9709944
9524061
9615799
9546967
9489580
9632780
9589078
9451619
9492544
9380936
9519487
9695945
9644131
9736981
9676001
9559098
9439619
9445156
9482322
9498729
9697075
9535376
10176060
9513284
9577967
9604096
9622132
9532635
9654872
9666927
9397972
-------------------------
Executing: test_arm_elementwise_add_s16
6758312
6841755
6788830
6885068
6623520
6916197
6758850
6742868
6764478
6902253
6889012
6807404
6814458
6750294
6903085
6756442
6863235
6869846
6841199
6689611
6789774
6791237
6774071
6785089
7030415
6797219
6674852
6767682
6823717
6820032
6861624
6848624
6813626
6839828
8179232
6657334
6958269
6678999
6809588
6693518
6772720
6706092
6595910
6772146
6589818
6852550
6695869
6654222
6840569
6702703
6950492
6713813
6747794
6764387
6553244
6720573
6746609
6705221
6583781
6715703
9640724
11174455
10746431
10817096
11047626
10912259
11050015
10211374
9900068
10568974
10276501
10048823
10021101
10071396
10074748
10394090
10029491
10084359
10093377
10018286
10861946
11110568
10825206
14233566
11126679
11100013
10739469
9990676
10233410
10001954
10075026
10122858
9991713
10497716
10080304
10057527
10101488
10071286
10068248
10226984
-------------------------
Executing: test_arm_elementwise_add_s8
10112895
10105192
9981806
10913185
10317148
10166894
10081970
9483229
6756072
6656704
6760145
6772941
6651372
6666389
6741424
6744072
6777775
6847550
6863013
6707110
6797515
6687185
6612076
6660167
6707684
6787867
6799533
6984824
6779886
6815089
6727517
6780645
6761035
6746091
6685815
6975805
6828125
6824069
6770553
6899808
6772923
6762572
6691815
6802589
6794385
6631890
6816311
6814995
6724591
6785312
6720832
6850495
7037415
6684703
6638371
6741442
6789274
6774367
6799459
6729406
6717369
6753923
6739572
6908456
6709018
6666112
6772515
6675370
6827625
6760497
6750627
6861920
6842643
6675889
6609983
6939141
6692888
6802255
6946288
7332480
6803256
6945288
6777441
6851273
6851605
6806515
6770479
6744646
7045804
6965047
6830828
6836902
6890919
6779127
7029415
6815625
6866346
6851865
6818310
6714850
-------------------------
Executing: test_arm_elementwise_mul_s16
6851254
6867253
6902438
7252575
6966898
6879661
6728091
7075099
6854790
6995008
6886846
6746090
7037618
6834088
7711043
6809570
6717592
6818292
6703610
7024933
6853069
6728739
6746498
6856050
6877623
6824496
6903401
6821514
6756479
7291944
6903067
6845976
6744590
6907567
6758849
6819292
6882234
6889086
6680648
6786034
7044785
7049359
6715332
6718925
6873846
6645409
6802755
6700591
6814459
6739684
6793367
6849439
6762183
6822939
7025378
6805903
6870716
6872568
7062581
6627446
7343275
6792349
7002453
6730591
6782422
6664704
6797997
6737590
6871902
6811366
7088079
6857439
6858161
6978639
6802441
6911511
6741294
6757682
6722906
6721350
6775108
6709351
6963547
6924214
6741424
6737905
6941491
6751183
6805218
6912530
6606540
6821606
6716684
6667167
6824291
6773442
6864587
6667149
6887845
6745238
-------------------------
Executing: test_arm_elementwise_mul_s8
6843124
6913215
6765126
6754924
6672426
7081858
7074932
6723147
7091469
6859235
6852624
7368109
6968862
6798756
6685426
6971398
7210113
6879253
6799589
6859476
6808774
6708962
7010342
7025527
7001046
6992787
6932233
6714758
6756331
6788441
6886660
7032785
6751627
6854384
6818829
6856661
6794163
6846698
6798885
6681573
6849588
6854494
7194410
6931881
6858346
6991083
6952584
6777793
6753646
6933474
6711943
6862680
7001323
6876105
6733572
6834736
7014397
6760868
6846846
6799478
6856328
6942788
7183391
6922085
6791867
6773108
6795274
6761404
6780608
6770146
6747553
6790441
7112153
6960658
6812644
6805663
6934511
7072432
7046563
6768442
6768812
6814995
6778719
6970973
6777349
6766275
6791237
6851994
6744424
6925400
6707296
6748683
6934806
6814940
6860309
6962028
6942437
6907901
7042378
6843828
-------------------------
Executing: test_arm_fully_connected_s16
7146819
6813107
6855050
7124135
6983065
6797978
6841402
7844927
7091321
6775737
6837143
6998360
7200892
6808108
6742961
6769108
6789922
7232446
7013397
6881215
7280482
6724868
6977898
7371330
6927492
6971139
6958769
6743331
6908622
6869364
6832847
6966528
6842810
6812700
6898437
6900215
6958454
6884160
6893789
6790756
6883716
6776257
6701536
6717573
6872309
6795145
6709481
6702110
6745720
6762590
6800718
6885364
6787071
6767756
6912511
6676889
6833459
6904048
6951103
6656612
6896437
6986380
6739609
7054285
6708665
6903049
6894216
6759312
6834236
6691703
6920271
6702239
6841421
6666629
6885179
6710777
6815680
6969528
6965472
6832847
6720128
6940992
6671314
6911623
7142838
6938270
6753109
6785311
6811663
6658871
6974195
6682351
6949473
6806811
6940770
6773811
6737517
6748590
6646538
6947214
-------------------------
Executing: test_arm_fully_connected_s4
6767701
6692221
6727332
6780960
6673648
6988657
6864106
6790256
6679907
8038385
6949325
6707276
6765386
6743312
6960566
6799700
6832366
6769979
6844809
6733295
6959195
6858106
6698296
6764275
6614280
7141096
6819477
6687240
6953547
6788848
6747591
6730684
6896178
6852791
6595114
6766145
6704388
6779590
6840402
6644983
6917771
6773923
6744406
6711776
6792922
6820625
6805607
6929492
6641186
6939177
6921567
6838902
6911974
6792477
6957140
6797070
6872716
6912363
6695703
6904715
6665389
6976675
6776349
6900752
7026508
6784756
6910289
6740294
6950288
6696481
6742387
6663370
6705203
6974305
6906623
6891864
7337221
6926751
6851198
6895474
6818329
6841069
6862642
7030748
6811922
6919974
6844328
6848624
6868754
6774812
6957380
6903604
6858384
6801274
6763738
6679926
6914604
6766571
6796126
7507567
-------------------------
Executing: test_arm_fully_connected_s8
6915233
7872759
6776923
6685351
6673148
6673259
6832476
6972176
6753424
6811644
6765516
9240421
6924252
6819070
6886457
6802699
6741257
9821589
11279489
10989276
11117975
11101143
10845280
11350376
9506840
9437767
9411398
9400898
9262347
9368195
9455081
11074329
11094884
11059088
10939833
10903371
11054311
10648860
9534320
9461081
9427453
9265180
9268847
9369269
9286939
10116451
10108525
10186004
10044398
10121969
10057063
10654731
10910352
10841003
10970332
11579332
11093532
11355376
10140264
9949659
10229614
9936900
10261909
10020249
10215948
10086563
10030508
10331055
10024527
10159376
10102618
10680174
10085284
10112487
9911939
10328500
10017120
10174837
10693173
11141772
10998442
12277051
11169863
11136346
11177233
9866755
9482322
9232736
9575930
9553338
9551857
9476563
9316789
9445656
9365714
9455841
9460008
9484729
9414398
9629095
-------------------------
Executing: test_arm_lstm_unidirectional_s16_s8
9397602
9491266
9445879
9538543
9313920
9510543
9635502
9580319
9495969
9505635
9365029
9636150
9382529
9444712
9579375
10304481
10489402
10231410
10423090
10166930
10149597
10471699
10049545
10316204
10245558
10407664
10287501
10367499
10189448
10130857
10290982
9995010
10149690
10232836
10264298
10450848
10274742
10279149
10255169
10219003
10072100
10422904
11128124
11089273
11194918
11224342
11261452
11417707
11329876
11276415
12162962
11129235
11020459
11082014
10662453
10367350
10361924
10197170
10345073
10310092
10259705
11025219
11149215
11232028
11467946
11197473
11565999
10334037
9442971
9669186
9529247
9607558
9534876
9517617
9582967
10194633
10165282
10162912
10394127
10323518
10251428
10499661
10881038
11313914
11586924
11094365
11202639
11629404
10937555
11307914
11188936
11168474
11166419
11057681
11236972
11155623
11225991
11843657
11067847
11701550
-------------------------
Executing: test_arm_max_pool_s16
11335728
10975887
11124457
10896908
11125642
11709624
11144957
11116142
11272823
11110791
11159696
10910778
11141086
11099920
12679742
11102513
11493538
10991035
10858002
10969110
10987943
11021922
10921741
10740876
10832188
10466569
10559085
10013731
10082266
10042397
10082970
10294797
10564326
11111809
10767690
10781060
10872094
11258138
11124235
10337166
10024676
10070156
10256576
10304852
10031675
10210281
9839496
10135672
10007750
10001843
10117728
9849311
9764757
9746369
9445767
9578430
9452415
9538894
9213756
9287254
10885871
10972424
11119327
11050459
11038885
11021089
11043441
11159159
10862187
10831299
10799151
11467650
10878038
10998091
11027256
10901130
10983017
10898742
10818726
10119561
10223558
10420127
10042101
9973640
10165598
10372702
10038416
10429552
10006158
10134802
10182374
10186967
10085859
10099100
10077489
10129228
9768072
10205578
10052693
9912179
-------------------------
Executing: test_arm_max_pool_s8
10326129
9790127
10040249
10120450
10036953
10575714
9876143
10340185
10149079
10288019
10266298
10174671
10179449
10489421
10637046
10171652
10527531
10051415
10033546
10239002
9905254
10238484
10037749
10097451
10190615
10676470
9822385
10776430
11019275
11236602
11365246
11029034
11654793
10774152
11162345
11042737
11070347
10789819
11178696
10758134
10337999
10289760
10154042
10304778
10242965
10421108
10511031
10930278
12180665
11393153
11120309
11365042
11379597
11068607
11678069
11180826
11214805
11280655
11030756
12133296
12091816
12103260
12096168
12543636
12126797
10125636
10257927
10452144
10285112
10177893
10381813
10551030
11087014
10983479
11101791
11064810
11807843
11324432
11378190
11284323
11277989
11327396
11468279
11199769
11239009
11196029
11290933
11459447
11230194
11298062
10890872
10984220
11087661
11491890
11253471
11969523
11290303
10970536
11094532
11123290
-------------------------
Executing: test_arm_softmax_s16
10805670
11276915
11024645
10087636
10087303
10248428
10203671
10033509
10215762
10479476
11253009
10985498
11156160
11014053
11254397
10928037
10338648
10677748
9932049
10269001
9913642
10788319
10408201
11135994
11188066
11231268
11087884
11191696
11065051
11040256
11135753
11342006
11286063
11788955
11256101
10912593
11042756
10768449
11150808
11378653
11300452
11555352
12174740
11904655
11929988
12151314
11922321
11494927
11067125
10799838
11174233
11030126
11012127
11169048
11084940
11082143
14494595
10984942
11271471
11354301
11253675
10835743
10854206
11055626
11087920
10690785
11061792
10988886
11022904
10855151
11492205
11003794
10958018
12014022
10871835
10913481
11148845
10741302
10855076
11073588
10948055
11034367
11254379
11185732
11117345
10430145
9988418
10073785
10327666
10555215
10076878
10006768
11074811
11222121
11187251
11128364
11353487
11279285
11152752
10894297
-------------------------
Executing: test_arm_softmax_s8
10962277
10966276
11157715
11136808
10986202
11070570
11144660
11030441
11262286
11214954
11226972
11113105
11373190
11069033
11217991
11070051
11319007
11184566
11239490
11074162
10935018
11215751
11008553
10895483
11043107
11088699
11139808
11228806
11124234
11135512
11008535
11296970
11235268
11050699
11021089
11135456
11904729
10943240
11107661
11114309
11045311
11111069
10311463
10074803
10207226
10356591
10740580
10117839
10135543
10961277
10795152
11218620
10880519
10827855
10936907
10898705
10797744
11358561
11263637
11108846
11085180
10988850
10479661
10054638
10178004
10618528
9951863
10212355
10176763
9974603
10383535
9981103
10221188
10348443
10163745
10146024
10152171
10182393
10126117
10447089
10065433
10062933
9388121
9282605
9307623
9343474
9257217
9262847
9612447
9614262
10137635
10104765
10145542
10287445
10136209
10111709
10633213
10859742
10844613
10933999
-------------------------
Executing: test_arm_softmax_s8_s16
11066866
11110643
10974721
11723217
10224984
10557493
10084063
10303982
9996603
10156486
7287667
6853254
6920714
6754109
6639464
6691277
7050081
6947936
6834162
6906974
6908308
6925418
6855013
6758997
6814218
6880587
6816181
6769219
6679852
6723147
6655445
6863754
6712258
6836643
6815311
6921845
7106394
6698110
6767646
6772145
6694352
6685259
6648945
6674741
6666037
6779349
6693852
6694981
6823200
6963621
7076784
6821607
6753497
6811144
6803255
6784385
6750664
7387441
6726517
6905937
6929826
6730739
6730683
6657130
6654630
6771608
6737553
6710647
6873235
6696852
6660704
6726036
6738887
6760608
6790126
6765793
6667926
6811848
6682073
6783571
6791423
6750738
6805570
6759294
6808682
6751757
6753849
6895252
6702870
6889845
6658278
7594379
6854532
6885086
6833718
6780033
6860994
6788756
6912178
6683074
-------------------------
Executing: test_arm_svdf_s8
6903956
6691074
7412922
6702925
6821810
6685148
6813663
6816977
6671889
6798478
6831255
6799978
6762979
7059174
6797403
6897974
6754960
6822069
6863438
6761219
6829088
6887419
6858791
6818069
6702666
6842625
6886735
6873124
6804570
6943862
6846846
6801033
6840458
6646761
6904845
6792256
6767961
6803311
6626742
6962343
6704388
6795774
6798533
6707499
6878179
6567336
6757664
6700332
6845698
6839792
6801866
6768756
6703777
6860180
6681259
6786386
6843310
6640557
6742054
6729313
6696073
6813533
6704333
6691907
6710592
6707702
6781256
6794459
6812773
6790330
6831606
6785645
6812644
6722665
6687555
6836458
6822532
6828014
7201854
6789996
6957288
6767108
6756257
6812014
6773331
6881753
6794330
6671815
6852753
6784885
6912882
7273371
6672667
6822866
6623594
6786219
6648741
6798663
6732387
6818495
-------------------------
Executing: test_arm_svdf_state_s16_s8
6778552
6962639
6792274
6736757
6703610
7381701
6835958
6783423
6677055
6605910
6753868
6864069
6699369
6733998
6926567
6607909
6831439
6716202
6900715
6744942
6560688
6883438
6677703
6697481
6796033
6628168
6828402
6775367
6878994
6763034
6777385
6956991
6701221
6820773
6691703
6972750
6759701
6847550
6797163
6665778
6952713
6823144
6859791
6860790
6800311
6735721
6927492
6764609
6623279
6774330
6697666
6939622
6876216
6708054
6895493
6583910
6744609
6720962
6856605
6777645
6615131
6803607
6641853
6676925
6721850
6725036
6835421
6644186
6792571
6725943
6651686
6598372
6695610
6693129
6731535
6646815
6595947
6704073
6831569
6615187
6738664
6631186
6874642
7283870
6625224
6797570
6769182
6878438
6789978
6837254
6835829
6753349
6738109
6785460
6659741
6856531
6980824
6843310
6798663
6648593
-------------------------
