0.000031
0.000044
0.000043
0.000053
0.000042
0.000044
0.000044
0.000044
0.000022
0.000020
0.000022
0.000022
0.000021
0.000023
0.000022
0.000020
0.000022
0.000022
0.000022
0.000021
0.000025
0.000022
0.000022
0.000021
0.000022
0.000023
0.000021
0.000022
0.000022
0.000024
0.000021
0.000023
0.000022
0.000021
0.000022
0.000021
0.000023
0.000022
0.000025
0.000022
0.000022
0.000021
0.000020
0.000022
0.000022
0.000022
0.000023
0.000022
0.000022
0.000021
0.000023
0.000021
0.000022
0.000023
0.000021
0.000023
0.000026
0.000020
0.000021
0.000022
0.000022
0.000024
0.000022
0.000023
0.000026
0.000022
0.000021
0.000024
0.000020
0.000023
0.000023
0.000020
0.000022
0.000023
0.000021
0.000022
0.000022
0.000023
0.000022
0.000023
0.000022
0.000021
0.000020
0.000023
0.000021
0.000022
0.000022
0.000021
0.000020
0.000023
0.000022
0.000023
0.000021
0.000022
0.000022
0.000021
0.000022
0.000023
0.000023
0.000022
0.000022
0.000023
0.000027
0.000022
0.000022
0.000021
0.000022
0.000021
0.000021
0.000023
0.000021
0.000021
0.000029
0.000023
0.000023
0.000023
0.000022
0.000022
0.000022
0.000022
0.000022
0.000023
0.000025
0.000026
0.000022
0.000021
0.000022
0.000022
0.000021
0.000024
0.000022
0.000021
0.000021
0.000022
0.000026
0.000022
0.000025
0.000021
0.000021
0.000021
0.000022
0.000023
0.000020
0.000024
0.000022
0.000021
0.000022
0.000021
0.000027
0.000023
0.000022
0.000025
0.000020
0.000022
0.000023
0.000022
0.000022
0.000022
0.000023
0.000025
0.000023
0.000022
0.000021
0.000021
0.000022
0.000022
0.000022
0.000021
0.000021
0.000023
0.000023
0.000022
0.000022
0.000021
0.000024
0.000022
0.000020
0.000023
0.000022
0.000024
0.000022
0.000022
0.000022
0.000022
0.000023
0.000021
0.000023
0.000021
0.000023
0.000022
0.000022
0.000025
0.000022
0.000021
0.000021
0.000024
0.000022
0.000025
0.000022
0.000021
0.000021
0.000024
0.000023
0.000022
0.000021
0.000022
0.000023
0.000022
0.000022
0.000021
0.000021
0.000023
0.000022
0.000021
0.000022
0.000025
0.000022
0.000022
0.000024
0.000021
0.000022
0.000026
0.000020
0.000022
0.000023
0.000026
0.000023
0.000020
0.000021
0.000021
0.000021
0.000022
0.000022
0.000021
0.000022
0.000021
0.000024
0.000022
0.000021
0.000021
0.000022
0.000022
0.000021
0.000021
0.000021
0.000025
0.000023
0.000022
0.000022
0.000024
0.000021
0.000022
0.000021
0.000022
0.000021
0.000023
0.000021
0.000021
0.000023
0.000022
0.000021
0.000023
0.000025
0.000022
0.000023
0.000021
0.000022
0.000022
0.000022
0.000021
0.000022
0.000023
0.000025
0.000022
0.000025
0.000024
0.000023
0.000022
0.000022
0.000023
0.000020
0.000022
0.000021
0.000023
0.000026
0.000022
0.000021
0.000021
0.000022
0.000022
0.000022
0.000025
0.000022
0.000021
0.000022
0.000021
0.000022
0.000026
0.000022
0.000022
0.000025
0.000023
0.000065
0.000025
0.000020
0.000020
0.000023
0.000022
0.000022
0.000022
0.000021
0.000022
0.000022
0.000022
0.000025
0.000020
0.000022
0.000022
0.000024
0.000023
0.000021
0.000022
0.000022
0.000024
0.000020
0.000021
0.000023
0.000024
0.000021
0.000022
0.000022
0.000021
0.000023
0.000021
0.000022
0.000021
0.000023
0.000023
0.000025
0.000023
0.000022
0.000023
0.000022
0.000023
0.000022
0.000020
0.000021
0.000022
0.000021
0.000022
0.000023
0.000020
0.000022
0.000023
0.000022
0.000022
0.000022
0.000020
0.000021
0.000022
0.000021
0.000022
0.000022
0.000021
0.000022
0.000022
0.000021
0.000022
0.000022
0.000021
0.000023
0.000022
0.000022
0.000022
0.000024
0.000155
0.000022
0.000023
0.000021
0.000022
0.000022
0.000022
0.000020
0.000022
0.000022
0.000022
0.000023
0.000023
0.000022
0.000022
0.000025
0.000024
0.000023
0.000022
0.000022
0.000028
0.000022
0.000024
0.000020
0.000021
0.000021
0.000022
0.000023
0.000022
0.000021
0.000022
0.000022
0.000023
0.000021
0.000026
0.000022
0.000021
0.000025
0.000023
0.000022
0.000022
0.000022
0.000021
0.000022
0.000022
0.000022
0.000022
0.000022
0.000022
0.000021
0.000022
0.000022
0.000025
0.000021
0.000021
0.000020
0.000021
0.000024
0.000021
0.000023
0.000021
0.000023
0.000024
0.000021
0.000022
0.000022
0.000024
0.000046
0.000044
0.000022
0.000022
0.000021
0.000021
0.000020
0.000022
0.000022
0.000023
0.000021
0.000022
0.000021
0.000022
0.000060
0.000022
0.000023
0.000022
0.000022
0.000023
0.000022
0.000026
0.000022
0.000021
0.000021
0.000021
0.000022
0.000021
0.000021
0.000022
0.000023
0.000022
0.000022
0.000022
0.000021
0.000022
0.000022
0.000021
0.000026
0.000023
0.000023
0.000023
0.000023
0.000021
0.000021
0.000022
0.000021
0.000023
0.000023
0.000022
0.000024
0.000021
0.000022
0.000022
0.000021
0.000024
0.000021
0.000022
0.000022
0.000022
0.000022
0.000023
0.000024
0.000021
0.000022
0.000023
0.000022
0.000021
0.000020
0.000021
0.000024
0.000021
0.000022
0.000021
0.000022
0.000021
0.000024
0.000023
0.000020
0.000023
0.000022
0.000022
0.000022
0.000023
0.000027
0.000021
0.000022
0.000023
0.000022
0.000021
0.000023
0.000022
0.000021
0.000022
0.000021
0.000022
0.000021
0.000021
0.000022
0.000021
0.000021
0.000023
0.000022
0.000027
0.000022
0.000021
0.000021
0.000021
0.000021
0.000021
0.000022
0.000022
0.000021
0.000022
0.000022
0.000022
0.000022
0.000021
0.000022
0.000022
0.000022
0.000022
0.000021
0.000022
0.000022
0.000026
0.000021
0.000021
0.000022
0.000020
0.000022
0.000024
0.000025
0.000023
0.000021
0.000022
0.000022
0.000022
0.000069
0.000021
0.000022
0.000021
0.000021
0.000026
0.000021
0.000023
0.000022
0.000022
0.000023
0.000020
0.000024
0.000023
0.000022
0.000021
0.000023
0.000021
0.000024
0.000022
0.000021
0.000022
0.000023
0.000023
0.000021
0.000022
0.000021
0.000022
0.000022
0.000022
0.000023
0.000022
0.000024
0.000020
0.000022
0.000021
0.000022
0.000021
0.000020
0.000023
0.000022
0.000021
0.000021
0.000020
0.000022
0.000022
0.000021
0.000022
0.000022
0.000022
0.000022
0.000022
0.000021
0.000020
0.000021
0.000021
0.000022
0.000022
0.000022
0.000042
0.000022
0.000021
0.000021
0.000022
0.000022
0.000024
0.000022
0.000022
0.000023
0.000021
0.000021
0.000022
0.000025
0.000020
0.000022
0.000023
0.000022
0.000049
0.000022
0.000021
0.000022
0.000023
0.000021
0.000021
0.000022
0.000022
0.000022
0.000023
0.000024
0.000022
0.000022
0.000022
0.000022
0.000022
0.000021
0.000022
0.000022
0.000025
0.000023
0.000021
0.000021
0.000021
0.000023
0.000021
0.000021
0.000022
0.000021
0.000022
0.000022
0.000021
0.000023
0.000026
0.000024
0.000052
0.000021
0.000023
0.000022
0.000022
0.000022
0.000022
0.000022
0.000023
0.000023
0.000022
0.000024
0.000021
0.000021
0.000022
0.000023
0.000022
0.000020
0.000023
0.000021
0.000024
0.000021
0.000023
0.000022
0.000024
0.000022
0.000024
0.000021
0.000022
0.000025
0.000023
0.000024
0.000022
0.000021
0.000022
0.000021
0.000022
0.000022
0.000022
0.000023
0.000023
0.000022
0.000023
0.000021
0.000021
0.000023
0.000021
0.000022
0.000021
0.000021
0.000021
0.000022
0.000022
0.000022
0.000022
0.000022
0.000022
0.000023
0.000022
0.000021
0.000024
0.000023
0.000021
0.000021
0.000023
0.000023
0.000021
0.000025
0.000022
0.000021
0.000021
0.000023
0.000022
0.000024
0.000036
0.000021
0.000021
0.000021
0.000022
0.000022
0.000021
0.000024
0.000024
0.000024
0.000023
0.000021
0.000021
0.000021
0.000021
0.000023
0.000022
0.000023
0.000021
0.000022
0.000026
0.000020
0.000022
0.000024
0.000024
0.000067
0.000022
0.000022
0.000025
0.000022
0.000022
0.000021
0.000022
0.000023
0.000023
0.000021
0.000022
0.000021
0.000022
0.000019
0.000023
0.000021
0.000020
0.000022
0.000025
0.000022
0.000023
0.000021
0.000020
0.000022
0.000021
0.000021
0.000021
0.000021
0.000022
0.000020
0.000023
0.000024
0.000021
0.000022
0.000022
0.000022
0.000021
0.000021
0.000024
0.000023
0.000021
0.000022
0.000022
0.000022
0.000022
0.000021
0.000024
0.000022
0.000022
0.000024
0.000023
0.000024
0.000023
0.000022
0.000021
0.000022
0.000021
0.000022
0.000022
0.000023
0.000053
0.000022
0.000022
0.000021
0.000025
0.000023
0.000022
0.000021
0.000022
0.000022
0.000021
0.000023
0.000025
0.000022
0.000022
0.000022
0.000021
0.000022
0.000069
0.000021
0.000023
0.000021
0.000025
0.000022
0.000023
0.000021
0.000022
0.000021
0.000075
0.000021
0.000021
0.000021
0.000022
0.000021
0.000022
0.000022
0.000022
0.000021
0.000021
0.000022
0.000023
0.000022
0.000022
0.000022
0.000024
0.000021
0.000026
0.000022
0.000022
0.000021
0.000022
0.000024
0.000023
0.000023
0.000022
0.000022
0.000021
0.000023
0.000022
0.000024
0.000023
0.000022
0.000022
0.000022
0.000022
0.000022
0.000022
0.000021
0.000023
0.000021
0.000023
0.000023
0.000022
0.000024
0.000022
0.000021
0.000023
0.000022
0.000022
0.000025
0.000020
0.000021
0.000023
0.000021
0.000024
0.000023
0.000024
0.000022
0.000021
0.000022
0.000022
0.000022
0.000023
0.000022
0.000021
0.000022
0.000021
0.000022
0.000022
0.000023
0.000025
0.000021
0.000022
0.000025
0.000023
0.000022
0.000022
0.000022
0.000022
0.000022
0.000023
0.000022
0.000022
0.000022
0.000022
0.000023
0.000021
0.000024
0.000023
0.000022
0.000024
0.000025
0.000022
0.000023
0.000023
0.000021
0.000021
0.000022
0.000022
0.000022
0.000023
0.000024
0.000023
0.000022
0.000023
0.000022
0.000021
0.000021
0.000022
0.000023
0.000021
0.000022
0.000023
0.000022
0.000024
0.000024
0.000022
