Executing: test_arm_avgpool_s16
9566539
7658965
10053585
7739484
8696299
6896487
7081750
7270049
7143510
7105399
7001970
6997322
7132918
7051175
7159789
6884357
9068326
7027953
7042489
6950098
7019341
6934117
6920357
6866300
6967691
6982007
6836336
7222474
6953932
7095972
6840466
6923912
6877190
7077045
6886282
7119268
6804817
6969636
6954968
6949228
6969765
7115083
8240438
6917431
7150454
7011303
6747409
7054193
7012859
6795429
6940432
6809633
7246938
6915838
7009303
6740539
6936412
6975617
7034637
7043155
7174380
6897153
7122453
6853412
6919598
6912468
6894578
7194288
7150547
6829521
6870263
6954376
6938913
6958673
7019118
6964821
6907190
6839745
6926802
6986173
6915782
7038471
7009359
7035119
7047192
6931580
6955061
7360477
7220844
6962469
7005988
6903856
6986859
7004229
7093601
6798150
6796076
7010285
7106361
7017451
-------------------------
Executing: test_arm_avgpool_s8
6977118
7085045
7028526
6831373
7100731
7002136
7152288
6993747
7013118
6927579
7050174
7024766
7093564
8572889
15951552
16123184
15465485
15707119
12057049
11220847
11395962
11585669
11641614
11588725
11434833
11593335
11275033
11484889
11413370
12267719
10887655
10869637
10623835
10421906
10536186
10738411
10805580
9691262
10016232
9730207
9876635
9734559
9901599
9571222
10379423
10528760
10829784
10568983
10688744
10429332
10661614
11570557
11443666
11518186
11303385
11400517
11145956
10439998
10340775
10684652
10656114
10427017
10300737
10567723
10717097
10326367
10580779
10625613
10341904
10892656
10160141
9527685
9603316
9902563
9743189
9676132
9617668
10117641
10543463
10371572
10851358
10377589
10505128
10492221
10478406
10481295
10732041
10300124
10277717
10665928
10492851
7052655
7100248
6919523
6987672
6861466
6991986
6912245
7138841
6977265
-------------------------
Executing: test_arm_convolve_1_x_n_s8
7908004
7798076
7560201
7599443
7782484
7865226
7974246
8123361
8004617
7680574
7456532
7649907
7548145
7732797
7678760
7447810
7544886
7746576
7561146
7605239
7753613
7830503
7643647
7607054
7461348
7693982
7646370
7534312
7646481
7660759
7844540
7782354
7610054
7769947
7649740
7824984
7540886
7693963
7584090
7923135
7870263
8017265
7829780
7914301
7677574
7545942
7966968
7691556
7786354
7484126
7612166
7696352
7929320
7810040
7870504
7519515
7540220
7952690
7816151
7514423
7683000
7740260
7651315
7530701
7879874
7660721
7692278
7603314
8092470
7524274
7747037
8222399
7745723
7583461
7421643
7849373
7607665
8122822
7567145
7899282
7626183
7466940
7457162
8078285
7505644
7649018
7820836
7929301
7772150
7934282
7900448
8162231
7837281
7877726
7972598
7654388
7696407
7738297
7736926
7497477
-------------------------
Executing: test_arm_convolve_1x1_s8_fast
7472606
7079673
7019023
6953097
6725351
6984190
6909040
7064932
7165897
7109563
7077803
7137841
7172897
7120952
7071451
7019394
6984782
7029284
7228046
6973004
7056006
6987616
6915410
6971005
6952930
6964837
6812094
7235916
7006190
6987838
6930152
7179749
7206138
6931781
7052135
7105007
7121748
6945614
7005764
7048562
6922281
7039135
7098952
6977189
6895948
7124674
6943837
7017227
6960115
6711666
7074821
7129971
6990209
7086303
6946022
7210564
6893540
7107488
7023357
7375846
7093747
6832872
6921911
6916318
6980949
7015449
6890447
6962819
6890373
6981726
6919336
7165155
6958430
7016967
7161803
7035005
6801797
7178490
6908651
7081561
6952355
7080728
6984170
7073339
6971245
6929355
7069524
7028320
6913169
7020616
8240583
6908873
6901465
7005356
6915318
7299214
7007005
6776797
7115099
6949503
-------------------------
Executing: test_arm_convolve_fast_s16
7081876
6831279
6955966
6825686
6926373
6928892
6812278
6815612
6873464
6797796
6870280
6873298
6929021
7077506
7027264
7389345
7026190
6744203
7056949
6738851
6922132
6972966
6975930
6846001
7015097
7195100
6845816
6940763
6789464
6885298
6866576
6927206
6816982
7085895
6941725
6911281
6696517
7225898
6886742
6867094
6841057
7118525
6856409
6960892
6976781
7050894
6898558
6895632
6839150
6841187
7078265
6808889
6986412
7035857
6946355
6882076
6932503
7126747
6948596
7020542
6769926
6959170
6952522
6972263
6896095
6772667
7006078
6970374
6817945
6862205
7001503
6849889
7057579
6848742
6991281
6736758
6770147
6764407
6699368
6920132
6947688
6712757
6763906
6874742
6673035
7061153
6978318
6867575
7017634
6995540
8519940
6933447
7071227
6872186
7021707
6960410
7092469
6787332
7052227
6929632
-------------------------
Executing: test_arm_convolve_s16
7540569
7039912
7258991
7178192
7351344
7178637
7304268
7251453
7095265
7149543
7174007
7184211
7035411
7264027
7187155
7144377
7131173
7227823
7157525
7237064
7337695
7236675
7336307
7306287
7211341
7040172
7223545
7321103
7192878
7232675
7189692
7229267
7041152
7222156
7158674
7419771
7117636
7028023
7283749
7253249
7301898
7182229
7352696
7042931
7329306
7209138
7192377
7170859
7086561
7472421
7163303
7198767
7289953
7166377
7059042
7228990
7032727
7181100
7011523
7234119
7135691
7336529
7195934
7024578
7146617
7270989
7227544
7118320
7185840
7029300
7039096
7226230
7136487
7050745
7265434
7153265
7085338
7416640
7064097
7343880
7214266
7212488
7227952
7124431
7117228
7212044
7135562
7028578
7404696
7331232
7081616
7265490
7059967
7131024
7087560
7159469
7128376
7151284
7154969
7298176
-------------------------
Executing: test_arm_convolve_s8
8039319
7668108
7578162
7631034
7921835
7911354
7717239
7548995
7693683
7967040
7752610
7822945
7674775
7828889
7751276
7733054
7737499
7664516
7776222
7722665
7920299
7842852
7793962
7913354
7780574
7929336
7739832
7635904
7749165
7787907
7793389
7876760
7763703
7556976
7832797
7775722
7770648
7699942
7810445
7841575
7804093
7739721
7692109
7855464
7697628
7754943
7705794
7729943
7785629
7609348
7875279
7917632
7834963
7718868
8124173
7753906
7799704
7765777
7778462
7788407
7803925
7862982
7631162
7741442
7767276
7673108
7706053
7765387
7529827
7778054
7785129
7894409
7719146
7726053
7812573
12630757
12649924
12906966
12874577
13820021
12785315
10955299
11015782
10994800
10881817
11360714
11023820
11657924
11513476
11795482
11711517
11821390
11660979
12105229
12729296
12697591
12490809
13359919
13135859
13767982
-------------------------
Executing: test_arm_depthwise_conv_3x3_s8
11096154
11492735
11068690
11506810
11129877
11087969
10483013
10929818
10293528
10144191
10183600
10523218
9792944
9515568
9726091
9568662
9856705
9424141
9699683
9856038
10113488
10683664
10319269
10522180
10417363
10283935
10271916
9413345
10086171
9498642
9593532
9625218
9533809
9946223
10265248
10291545
10343102
10214285
10687164
10206599
10416751
10209933
10208377
10288694
10553791
10489012
10532179
6906908
6928926
7108541
7070633
6962631
6919482
6934112
6926500
6804313
6864888
6905852
6869203
6894834
6989965
6788664
6932556
6879481
6811906
6850296
6780702
7040577
6744442
6880555
6787331
6884500
6863907
6956631
6767683
6983669
6739053
7019983
7015650
7322527
7176338
6990779
7131560
7162560
6828202
7126986
6996890
7023039
6774256
7303156
6933723
7106633
6901537
7455399
7585605
6979205
7166172
6982983
7054447
7172894
-------------------------
Executing: test_arm_depthwise_conv_fast_s16
7061411
7197210
7840721
7005798
7100541
7630569
6986687
7240877
7723571
7143338
7053744
7832444
6929779
7155542
7637828
7113930
7164505
7023354
7107966
7824184
7017168
7016927
7522863
6986279
7210394
7609994
7279728
7098096
7496011
6980612
7577494
7683088
7006743
7710885
7741422
7022724
7754719
7012131
7153597
7149115
7237302
7086262
7115855
7039520
6943574
7167041
6912907
7396675
6932926
7126856
7045632
7087429
7047205
7605883
6982594
7108318
7500399
7016983
7160782
7377786
7003668
7559179
8315433
8361045
8314378
8352175
8014928
8115319
8326730
8654755
7916222
7667810
8725070
9341304
8620254
8371027
10074540
12253674
8832647
8877703
8244061
9052187
7698681
10072836
7261321
7806072
7839202
7125856
8610105
10337064
11129801
11280693
7264562
7159523
7567789
7102559
7198820
7983538
7122485
7197339
-------------------------
Executing: test_arm_depthwise_conv_s16
8109448
6925500
7188005
9341083
11225618
11767739
9061058
8800775
9895647
8844553
14652606
7637920
8076539
13387657
7087392
9451788
9580438
10150282
13083817
10990019
13960668
10961964
14943278
15356230
12122392
11949185
11579623
7137152
11466621
7551104
14991002
12489751
11284137
7917221
7231820
7796367
6999741
7474917
7536418
7059372
7663532
7583270
7176727
7643272
7369267
7539918
9626476
7038131
7655291
7059280
6946111
7513380
7093428
7008778
6963296
7018075
7164004
7507288
6933758
7443972
7037760
7891795
10331100
7445713
7598234
7292951
7987445
15142652
15980094
15562271
16178765
24895778
14739682
11690514
13560826
18655014
17002056
7591844
10627827
7681087
8114909
6838275
7642123
7389137
6951036
7614623
7562974
6984944
7970240
7950314
7251801
7955648
8108687
7107632
7915832
7372470
8317172
8106835
7539011
7074965
-------------------------
Executing: test_arm_depthwise_conv_s8
7730958
7879683
7821348
7142521
7140354
7497787
6871923
7822886
6834386
6929277
6975630
7043390
6975982
7080057
6883146
7175300
6710106
6876146
6993759
6966870
6890738
6913943
6778329
6877184
6853201
7362600
6765922
6819923
7211430
7016612
6991333
7342747
6880906
7143503
7000723
8104705
6918184
7037279
6956018
6984722
7302913
6890609
7967722
7048890
7296987
7181726
6883072
6962870
6900961
6886109
6981389
7177448
6969222
7418527
7398156
6888165
7404285
6906868
6957333
7841979
7022296
7017334
7064908
6907813
7272765
6997815
7372526
7144077
6916369
6814238
6964425
7471416
6801422
7034315
6839311
6789348
6870479
6992629
6808681
6957721
7478397
7436118
7108113
7542935
6992740
7126224
7141354
6845830
6999296
7231634
7321302
7189114
7070982
6883294
9114632
7436804
6882608
7799033
7110724
6841090
-------------------------
Executing: test_arm_depthwise_conv_s8_opt
8133817
8356469
7889424
8256337
8419544
7953406
7923424
8481638
7874590
7939814
7812682
8034297
7974517
8447156
8946572
8057630
7855033
8397284
8000093
7901127
7978111
7888256
8069871
7991296
7967221
7888516
8058982
7996944
7891812
7840385
7762921
7927054
8163113
7834089
8042556
8277505
8247152
7926294
8244227
8263226
8034074
8051964
7823440
7949184
8099150
7969833
7943647
8094890
7987777
8118057
8059427
7826793
7822848
8122947
7897164
7867553
8019351
7883368
8086556
8067538
8231448
7987425
7916794
7980721
8115705
7916868
7998092
8115834
7986832
8207910
8060778
7822718
7970480
8062704
7803995
8015351
7926053
7976128
7936183
8061019
7907645
8628029
7986740
7993591
7807328
8839273
8098852
8065074
11987498
12026980
12114797
12326134
12261059
11784920
11438173
11443932
11181835
11060388
11190373
11038314
-------------------------
Executing: test_arm_ds_cnn_l_s8
45470465
46958104
43861491
42340168
43231443
43156719
38358057
28949069
29040719
29027441
29144443
28971384
29519135
29050773
29286610
29130607
29716562
29309166
29347815
29082791
29917677
29383889
29180590
29242609
29227701
29021031
29198330
29353963
29142274
29113922
29215127
28959252
29046790
29066458
29041568
29162719
29313055
29069236
29113126
29023753
29062069
29387538
28873824
29159348
29131309
29196291
28818228
29230440
29046621
29893360
29385295
29695708
29059196
30578909
29602632
30511648
29115308
29156865
29247699
29428499
29158975
29030714
30216272
28977490
29108068
29243458
28717245
29394054
29147827
29253977
29387702
29103104
29370609
28940545
28798191
30326439
29129066
28926914
29146566
29123398
29214659
29005711
29070120
29086898
29009100
29229549
29038138
29480053
28823022
29231548
29084805
28930284
28848523
28995470
29288087
28853450
28875134
28814892
29074139
29061378
-------------------------
Executing: test_arm_ds_cnn_s_s8
9612748
9377133
9545840
9709713
9514802
9671286
9455134
9499543
9499543
9555247
9554506
9739492
9844549
9439820
9593303
9442041
9678620
9837177
9451392
9567117
9433448
9599896
11867141
9554339
9377151
9715083
9665322
9671656
9615710
9547283
9488486
9422429
9611007
9830214
9599840
10184591
9603636
9553932
9650007
9437615
9549265
9671823
9608044
9922235
9560968
9504227
9578450
9505524
10099367
9629026
9641526
9530005
9479394
9574821
9579395
9679989
9648322
9755084
9605451
9593562
9423281
9523005
9620878
9602636
9729694
9641026
9583636
9661082
9618321
9507819
9611341
9736602
9672341
9544636
9539802
9743749
9569191
9596654
9627193
9703823
9624970
9709082
9664823
9779455
9610488
9704157
9524153
9620692
9589488
9668341
9645211
9580784
9624748
9455541
9680101
9564506
9546597
9657840
9670989
9493226
-------------------------
Executing: test_arm_elementwise_add_s16
6884179
6863753
6811197
6928143
6841160
6996699
6796660
6753677
6801697
7054256
6738659
6854605
6779103
6697509
6760121
6831937
6840938
6817382
7020552
7691545
6928069
6922772
6723436
6650564
6918680
6805270
6932272
6820049
6833271
7182055
6981051
6790140
6847660
6876402
6796603
6857753
6761659
6809863
6697695
6782085
6770177
6897142
6749973
6788455
6886494
6783066
6883142
6777844
6814938
6758714
6920568
6748788
6711972
6930477
6697972
6939513
6883345
6785714
6744473
7055034
7059867
6765529
6696528
6701972
6904458
6845327
6780622
6911050
6791603
6914550
7051812
6805530
6963032
6778881
7595766
11382519
11172904
11021179
11160237
11157293
11097070
10285721
10295703
10359705
10052625
10166127
10231221
10060347
10378593
10678950
10163422
10398945
10283517
10109477
10349777
9508355
9467743
9728840
9685322
9514689
-------------------------
Executing: test_arm_elementwise_add_s8
9377038
9624598
10007809
10249405
10285906
10896510
10086384
10193589
10328629
10307870
10189164
10226108
10430853
10094718
10133626
10081458
9470817
9423965
9532856
9519985
9458947
9516577
9268962
10155219
10256221
10195405
9991790
10380927
10207034
10201923
10183311
9930992
10245369
10247720
10197793
10126237
10001697
11409260
11094494
11120754
11012808
10977086
11076550
10686173
9923363
10245276
10222757
9909325
10061476
10321315
10229424
10116329
9986086
10093403
10346407
10873769
10501058
10216849
10231997
10168459
9996197
10153070
9923787
10070679
9580652
9424187
9384574
9435650
9493058
9326962
9313574
9775545
10792970
11056530
12094808
11154292
11044234
11086086
9437297
9340889
9396001
10525577
9554708
9284203
9339241
10169292
10079198
10279090
10112236
9983623
10108773
10081846
11076382
10736654
10838693
11043197
11160384
11353369
10871527
10234034
-------------------------
Executing: test_arm_elementwise_mul_s16
10074106
10289776
10237812
10039994
10183348
10351573
10106180
10061031
10450816
10231664
10048846
10236960
9976936
10166496
10268683
9921343
10166996
10232701
10444779
10301220
10001882
10112569
9956881
10013419
10164032
10778932
10945305
11151790
11181235
11013991
10989195
10846303
10939713
10892490
11859136
10971194
11030473
11403461
11289052
10817118
10287331
11257663
11179013
10570780
10596984
9748432
9228015
9249961
9910453
9664079
9638041
9829859
9978677
10122383
10464370
10200255
10405018
10175459
10402888
10241329
10638967
10363221
10499315
10389277
10047530
10866267
10268256
10153421
10388628
10359461
10054178
10171828
10267905
10261719
10172291
10361758
10277960
10251719
10115346
10397481
10950231
10794117
10968398
10976287
10982324
11048751
10168440
10327442
10126327
10276979
10433370
10202773
10225940
11024602
11085177
11081991
10988805
11195938
11172309
10648817
-------------------------
Executing: test_arm_elementwise_mul_s8
10100790
10213754
10289608
10094585
10673022
10800950
10155939
10409758
10847858
10355998
10107326
10843395
10207921
6734915
6841491
6839121
6869529
6812861
6782416
6860473
6716989
7104403
6790434
6683210
7055736
6750267
6669618
6816861
6706396
6909992
6833787
6876899
6780768
6822417
6869621
6663247
6757064
6745712
6994438
7009031
6781583
6733174
6847584
6717156
6914159
6877103
6689618
6884474
6817824
6810806
6711933
6909604
6713304
6833972
6734489
6783971
6770471
6687507
6829584
6885233
6747100
6729211
6729156
6676359
6657451
6850213
6871695
6802528
6675488
6678674
6770916
6733138
6901326
6685914
6978531
6909881
6787064
6811361
6812306
6807601
6819528
6838602
6689395
6670950
6782768
6702914
6775915
6738081
6779897
6769637
6813434
6650450
6864343
6809619
6814193
6682154
6689747
6893436
7013290
6860879
-------------------------
Executing: test_arm_fully_connected_s16
6928158
6915455
6928658
6905139
6740008
6790027
7094624
9434295
6992715
6897084
6988457
6908881
7372518
6854509
6889139
6946548
6869046
7074050
6926048
6923603
6819824
6781675
6802638
7013735
6814361
6987419
6972067
6836323
6951345
6825138
7012105
6889917
6816046
7009697
6833750
6949345
6801915
6804360
6986067
7261553
6835805
6869158
6902733
7075309
6848472
6808082
7081346
6880213
6965400
6905936
6923122
6832750
7558152
7241664
6903843
6818305
6825286
6849065
7031346
6860769
7053365
6945474
6783860
6985585
6974326
6950419
6806138
6789471
6846713
6876639
6856843
6924899
6831138
6968104
6903936
6887195
6912158
6929807
6877547
6826676
6963863
6899788
6921844
6903436
6827268
6818971
6862824
6791786
6852527
6742747
6898343
6914380
7164792
6848787
6759729
6963437
6776396
6917898
6830026
6886805
-------------------------
Executing: test_arm_fully_connected_s4
6886732
6702987
7010216
6857342
7259404
6821823
6867860
6755063
9648873
6700135
6806508
7120069
6905528
7022122
7944583
6771414
6787082
6860546
8097030
6686728
7021530
7010808
6881676
6832601
6794193
7933380
7070753
7052364
6882102
6823175
6951492
7008012
6829471
7045198
6862342
7118088
6839730
6640338
7406981
7022789
6742433
7636226
6921639
8093956
6703358
6756729
6933344
6940807
6813230
7173292
6853157
7011344
6765230
7233126
6975233
6785322
6741414
6877472
6703006
7526909
6854805
6914566
6661339
6927399
6757896
6846953
6762674
6695914
6936473
6871897
6667190
6878194
6863935
6773619
6666284
6743025
6847268
6807526
6821249
6798526
6653246
7005178
6749859
6788563
6824878
6780877
6894639
6696876
6766025
6761581
6757506
6780803
6661523
6796655
6758210
6782896
6646245
6721006
6800026
6757247
-------------------------
Executing: test_arm_fully_connected_s8
6821174
6637874
6739617
6598596
7062641
6624726
6676116
7074827
6733710
6588429
6937621
6792674
6793970
6758655
6867971
6862378
6889361
6795600
6927861
7075049
6936695
6713487
6964677
6899935
6766562
6905416
6836286
6793859
6734025
6754506
6747784
6753340
6852564
6816137
6841341
6727654
6931324
6681931
6723284
6753210
6729339
6786229
6823785
6918972
6743747
6767747
6855101
6685894
6764877
6678542
6797785
6836415
6666450
6781396
6590485
6947713
6751877
6717024
6648208
6826804
6838119
6681320
6856342
6656079
6720302
6792895
6795451
6829434
6682542
6891009
6854546
6816249
6762488
6861916
6746636
6896027
6780229
6699598
6737155
6688023
6895583
6719580
6870656
6771970
6795211
6872675
6659504
6785470
6569447
6758062
6746153
6697801
6725820
6624300
6735172
6940953
6891249
6719209
6718264
6862878
-------------------------
Executing: test_arm_lstm_unidirectional_s16_s8
6740691
6832081
6805562
6992065
6956231
6887471
6835748
6862989
6715265
7024733
6862527
7557575
6879841
6856434
6905546
6874045
6820785
6970714
6888360
6833322
6989935
7058326
6934360
6916768
7072511
6887786
6840544
6988992
6904360
6807026
6861989
6788858
6788432
6886563
7005306
6900286
7011565
6805117
7001269
7027381
6821618
6972380
6870323
7007270
7062548
7166068
6801784
7127735
6761876
6926379
6806821
6776876
6919398
6922342
6964102
6726005
6935102
6813155
6762266
6907768
6831877
6934991
6843397
6837063
6937435
6905138
6809951
6952935
6800692
6830877
6808581
7000639
6848378
6873767
7038789
6888416
6908527
6998195
6987343
6938343
6874619
6913712
6785506
6851859
6977103
6803803
7111938
6832841
7079085
6862081
6941101
6773673
6927138
6758506
6981694
6794969
6907045
7037751
6835543
6858637
-------------------------
Executing: test_arm_max_pool_s16
6939360
6832396
6867489
6925249
6749191
6721153
6985176
6736654
7309385
6686226
6778857
6700356
7584278
6845785
6915804
6714505
6849914
6649244
6917712
7171364
12102968
12518772
11868519
12073783
12182414
11579236
9275141
9555053
9517886
9229233
9566961
9666000
9668685
9914671
10301974
10105303
13117448
10078415
10219140
10311863
9296105
9433014
9511572
9292345
9664981
9500109
9505701
10117119
10002062
10037155
10115675
10121230
10044488
10085470
10716129
11007764
10710833
10800279
11202434
11289528
11016024
10133711
10066155
10210695
10193898
10031414
10679128
10026913
10035469
10371456
10369697
10175804
10279750
10317418
10083692
10184212
10105951
9983227
10207175
10015764
10074673
10240879
11863796
10065191
10048987
10128841
10269676
10286102
10228379
10324158
10243250
10151915
10211527
10263324
10308436
9349679
9695648
9336642
9399161
9562145
-------------------------
Executing: test_arm_max_pool_s8
9634054
9566294
10811963
11174803
11220378
11027504
11135821
11354713
10933206
10209490
10055043
10158601
10271639
10516754
10001542
10319955
10089340
10371345
10032079
10195249
10125526
10099655
10224602
10204638
10045932
10311066
10185785
10325103
9972134
10198860
10339455
10161304
10200101
10301270
10197378
10077579
10411974
10172026
10338417
10263379
10252008
10362622
10466382
9989707
10248323
10306195
10281157
10319880
10303269
10222638
10673108
10311157
10303805
10165174
11049337
10242175
10119247
9783445
9479458
9461958
9365512
9409734
9426253
9454384
12327396
12006761
12250968
12365193
11982149
12001464
10199618
10109061
10116598
10332454
10244119
10158877
10314565
9990819
10578884
10253638
10121229
10242915
10410289
10123895
10294046
10287879
10070968
10227508
10233342
9939022
9770445
9295177
9334437
9252158
9408828
9917503
9340048
9648072
10360103
10184951
-------------------------
Executing: test_arm_softmax_s16
10083857
10083913
10339009
10267564
9890557
10102671
10120579
10019319
10001226
9934002
9943595
10326398
10149784
10393677
9991707
10096208
10243600
9979948
10432067
10994391
10482475
9857575
10379732
10337064
10015560
9685461
9546477
9421068
9525977
9351047
9434772
9251231
9359585
9601274
9188916
9597182
9567940
10165877
9426883
9239490
10797887
10806628
10966556
11088781
10991984
10951945
10878389
10182136
10164766
10157747
10209211
10139764
10058597
10115080
10139339
9938613
10241266
10309619
10004614
10197859
10687607
11353860
11071596
10921685
10956241
10899592
10994113
10726960
11010095
10947112
11049187
10981278
11051002
11009519
11126873
11056706
11164393
11098725
11086558
11026872
11096447
11203838
10980353
10974501
11064576
11114151
10406491
10189524
10532919
10493437
9998428
10392398
11094503
10187709
10026688
10121320
10441510
10108356
10240507
10348508
-------------------------
Executing: test_arm_softmax_s8
11071910
10872665
10860110
10772516
11099633
11085706
10281063
10328509
10451177
11005778
10322767
10034280
10337749
10299452
10186913
10395713
10114412
9889593
10025521
10304304
10866943
11012538
10957685
11057465
11167522
11100447
10075652
10245581
10178394
10345230
10292137
10259877
10745682
11235764
11023093
11332432
11269875
11462916
11511120
10281173
10535622
10280932
10469250
10330618
10347174
10441472
11195021
11255431
11205207
11146280
11227707
12465969
10418045
10461176
10424935
10290247
10564604
10521289
10252932
6935246
6769169
6819392
6817114
6960544
6968155
6849244
7020229
6947450
7088879
6977618
7069360
6946247
6730539
7128712
6909802
6896024
6999136
6832948
6923449
6882079
6921728
6945728
6825096
7205066
7083767
6910412
7007637
6852468
6905116
7031804
7115490
6948598
6869115
6971155
7009210
6805837
6933080
6757521
6962080
6732706
-------------------------
Executing: test_arm_softmax_s8_s16
6982506
6855375
6787300
7053804
6857245
6861190
6848560
6810393
6830429
6858634
6894986
6929598
6955617
7107713
7015378
6899542
7111972
6802059
6883505
6952413
6764114
6816152
6864264
6863394
6792132
6760558
6907837
6853004
6948061
6795132
6935450
7087952
6712742
7203083
7249825
6668186
7058563
6791355
6938950
6867022
6938191
7578923
7167583
6979747
6986931
6879023
6880060
6894449
7871946
6863615
6866041
6859263
6872523
6836874
7104804
6828799
7096767
7108248
7206380
6831763
6913023
6925727
7027248
6830559
6738206
7077601
6910671
6739780
6988988
6774354
6981932
6843059
6836077
6936376
6891764
6995413
7004173
6936376
6754428
6921098
6837522
7172102
6849948
6731557
6913431
6846634
6953079
7160823
7040766
6724447
6949024
6886764
6984117
6966635
6910523
7033303
6876078
7118341
7066267
6890337
-------------------------
Executing: test_arm_svdf_s8
6986099
6938209
6938320
6797466
6829781
7294437
6999729
6855986
7039581
6957542
6825910
7256732
6890430
7204084
6946709
6889430
6902338
7008988
7134768
7026618
6943746
6988969
6780984
6904801
6819743
7007894
6780502
7069377
6789298
6983061
6882818
6722038
6653630
7003616
6860448
6943430
6761909
7062137
6758279
6783798
6788539
6640056
6964376
6877207
6796891
6908967
6989506
7174509
7701462
6905282
6880615
6960098
6769964
6913727
6839152
6857373
6778668
7024432
7148600
6905985
7145915
6888671
6777631
6977005
7225176
6928652
7181360
6974634
6855207
7108933
6783724
6976616
6889559
7230213
6787187
6800855
6792799
6901615
6859077
6972579
6996783
6978913
6831577
6804373
7230380
6804558
6885189
6965320
6882115
6999783
6745020
6939171
6898300
7078896
6748983
7141211
6781039
6914060
7091544
6796243
-------------------------
Executing: test_arm_svdf_state_s16_s8
6829003
7127971
6968543
7170286
7067210
6799836
7003413
6797132
7317382
7034673
7076766
7114156
7194954
6941894
7056062
6857004
7140119
6807799
6952893
6860985
6985265
6885708
6716371
6699538
6933782
7589200
6922726
7030709
6971301
7010561
6983135
7091469
7017487
6919226
7019468
6755483
6979949
6923003
6796650
6885633
6721908
6982523
6899522
6898614
6783280
6894559
6885688
6975264
7721869
8067690
8364454
7838741
6828428
7007376
6883151
6910837
6848706
6891114
7029246
6876429
6960004
6935115
6873225
6830577
7113544
6844891
6719501
6923948
7021079
6784538
6853817
6853299
7004875
6791353
6877873
6882040
6801909
6958690
6851447
6862910
6934763
6621925
6852744
6867077
6867317
6741075
6918448
6668555
6812521
6877652
6689019
6894559
6835687
6761242
6893003
6924448
6764465
6878632
7159545
6917597
-------------------------
