0.000058
0.000056
0.000044
0.000033
0.000038
0.000032
0.000036
0.000035
0.000033
0.000032
0.000038
0.000024
0.000021
0.000024
0.000025
0.000025
0.000026
0.000023
0.000024
0.000024
0.000026
0.000026
0.000023
0.000027
0.000022
0.000028
0.000021
0.000025
0.000023
0.000025
0.000022
0.000025
0.000022
0.000027
0.000024
0.000024
0.000025
0.000026
0.000023
0.000023
0.000022
0.000027
0.000022
0.000022
0.000022
0.000022
0.000024
0.000023
0.000025
0.000026
0.000022
0.000021
0.000026
0.000025
0.000026
0.000026
0.000026
0.000024
0.000023
0.000023
0.000022
0.000021
0.000023
0.000022
0.000025
0.000023
0.000023
0.000022
0.000025
0.000023
0.000023
0.000023
0.000025
0.000022
0.000025
0.000025
0.000027
0.000023
0.000025
0.000024
0.000023
0.000022
0.000022
0.000025
0.000025
0.000026
0.000021
0.000023
0.000112
0.000021
0.000025
0.000025
0.000026
0.000022
0.000025
0.000024
0.000026
0.000024
0.000025
0.000025
0.000023
0.000024
0.000022
0.000023
0.000025
0.000025
0.000023
0.000026
0.000026
0.000025
0.000023
0.000025
0.000037
0.000069
0.000024
0.000023
0.000024
0.000023
0.000023
0.000026
0.000025
0.000025
0.000027
0.000023
0.000024
0.000024
0.000024
0.000022
0.000022
0.000026
0.000026
0.000023
0.000025
0.000023
0.000024
0.000023
0.000022
0.000022
0.000023
0.000025
0.000026
0.000021
0.000022
0.000025
0.000021
0.000027
0.000022
0.000025
0.000024
0.000022
0.000024
0.000024
0.000022
0.000022
0.000023
0.000023
0.000026
0.000023
0.000071
0.000025
0.000022
0.000022
0.000023
0.000022
0.000022
0.000022
0.000024
0.000022
0.000025
0.000022
0.000023
0.000022
0.000022
0.000026
0.000025
0.000026
0.000024
0.000023
0.000024
0.000076
0.000022
0.000023
0.000025
0.000024
0.000025
0.000024
0.000025
0.000022
0.000026
0.000023
0.000023
0.000023
0.000022
0.000027
0.000026
0.000025
0.000024
0.000024
0.000025
0.000025
0.000024
0.000025
0.000020
0.000024
0.000025
0.000023
0.000071
0.000022
0.000022
0.000023
0.000025
0.000023
0.000024
0.000022
0.000024
0.000023
0.000025
0.000024
0.000026
0.000023
0.000024
0.000025
0.000022
0.000023
0.000023
0.000022
0.000022
0.000027
0.000025
0.000023
0.000021
0.000023
0.000026
0.000025
0.000024
0.000023
0.000022
0.000025
0.000023
0.000027
0.000025
0.000024
0.000025
0.000021
0.000025
0.000025
0.000022
0.000021
0.000026
0.000023
0.000021
0.000022
0.000022
0.000022
0.000026
0.000024
0.000022
0.000024
0.000023
0.000025
0.000022
0.000021
0.000025
0.000021
0.000024
0.000026
0.000021
0.000026
0.000025
0.000025
0.000025
0.000026
0.000024
0.000021
0.000027
0.000025
0.000024
0.000025
0.000021
0.000027
0.000022
0.000023
0.000021
0.000022
0.000022
0.000021
0.000022
0.000025
0.000025
0.000023
0.000022
0.000024
0.000024
0.000026
0.000026
0.000025
0.000022
0.000022
0.000025
0.000024
0.000023
0.000025
0.000021
0.000021
0.000026
0.000025
0.000024
0.000024
0.000023
0.000024
0.000022
0.000023
0.000024
0.000021
0.000022
0.000022
0.000025
0.000025
0.000022
0.000024
0.000021
0.000023
0.000022
0.000022
0.000026
0.000022
0.000022
0.000022
0.000028
0.000023
0.000023
0.000022
0.000025
0.000024
0.000024
0.000022
0.000022
0.000026
0.000023
0.000026
0.000023
0.000024
0.000027
0.000021
0.000026
0.000024
0.000022
0.000026
0.000025
0.000026
0.000022
0.000022
0.000025
0.000025
0.000024
0.000026
0.000025
0.000024
0.000022
0.000022
0.000026
0.000023
0.000026
0.000029
0.000024
0.000025
0.000022
0.000022
0.000025
0.000025
0.000024
0.000022
0.000025
0.000024
0.000022
0.000023
0.000025
0.000023
0.000022
0.000022
0.000025
0.000024
0.000024
0.000026
0.000025
0.000021
0.000021
0.000023
0.000026
0.000022
0.000021
0.000024
0.000022
0.000026
0.000025
0.000026
0.000026
0.000024
0.000023
0.000024
0.000026
0.000024
0.000025
0.000021
0.000025
0.000024
0.000025
0.000022
0.000023
0.000025
0.000026
0.000023
0.000025
0.000145
0.000023
0.000025
0.000033
0.000024
0.000024
0.000021
0.000026
0.000022
0.000025
0.000025
0.000024
0.000026
0.000022
0.000026
0.000026
0.000022
0.000022
0.000025
0.000020
0.000027
0.000021
0.000025
0.000026
0.000022
0.000021
0.000024
0.000022
0.000022
0.000026
0.000023
0.000022
0.000021
0.000024
0.000022
0.000025
0.000022
0.000025
0.000021
0.000022
0.000023
0.000022
0.000027
0.000022
0.000022
0.000021
0.000025
0.000026
0.000025
0.000025
0.000025
0.000023
0.000024
0.000024
0.000025
0.000023
0.000024
0.000030
0.000024
0.000021
0.000021
0.000021
0.000022
0.000025
0.000023
0.000024
0.000022
0.000023
0.000024
0.000022
0.000022
0.000023
0.000026
0.000024
0.000021
0.000026
0.000025
0.000022
0.000022
0.000021
0.000023
0.000024
0.000022
0.000025
0.000027
0.000026
0.000024
0.000025
0.000023
0.000022
0.000024
0.000022
0.000025
0.000026
0.000025
0.000022
0.000021
0.000025
0.000025
0.000022
0.000025
0.000022
0.000022
0.000025
0.000025
0.000022
0.000027
0.000024
0.000022
0.000022
0.000025
0.000026
0.000026
0.000024
0.000024
0.000026
0.000028
0.000026
0.000022
0.000027
0.000025
0.000025
0.000026
0.000025
0.000023
0.000026
0.000023
0.000024
0.000023
0.000022
0.000026
0.000024
0.000022
0.000023
0.000025
0.000025
0.000025
0.000025
0.000026
0.000024
0.000025
0.000020
0.000024
0.000021
0.000022
0.000022
0.000023
0.000025
0.000025
0.000025
0.000025
0.000020
0.000025
0.000025
0.000021
0.000025
0.000024
0.000026
0.000027
0.000022
0.000025
0.000024
0.000025
0.000025
0.000031
0.000025
0.000021
0.000026
0.000023
0.000023
0.000027
0.000023
0.000022
0.000022
0.000024
0.000021
0.000021
0.000026
0.000025
0.000023
0.000023
0.000023
0.000022
0.000022
0.000025
0.000026
0.000025
0.000115
0.000023
0.000023
0.000022
0.000023
0.000025
0.000023
0.000023
0.000021
0.000025
0.000120
0.000023
0.000023
0.000021
0.000025
0.000022
0.000022
0.000026
0.000022
0.000025
0.000022
0.000021
0.000024
0.000026
0.000025
0.000021
0.000024
0.000027
0.000021
0.000023
0.000024
0.000023
0.000022
0.000026
0.000025
0.000024
0.000026
0.000023
0.000023
0.000024
0.000025
0.000026
0.000023
0.000022
0.000023
0.000021
0.000027
0.000023
0.000027
0.000022
0.000023
0.000023
0.000024
0.000025
0.000021
0.000076
0.000025
0.000025
0.000022
0.000025
0.000022
0.000025
0.000021
0.000027
0.000026
0.000022
0.000024
0.000026
0.000024
0.000022
0.000024
0.000021
0.000027
0.000021
0.000021
0.000025
0.000023
0.000024
0.000023
0.000023
0.000024
0.000024
0.000024
0.000025
0.000024
0.000026
0.000024
0.000025
0.000023
0.000026
0.000023
0.000022
0.000023
0.000025
0.000023
0.000026
0.000026
0.000023
0.000026
0.000026
0.000023
0.000025
0.000025
0.000025
0.000025
0.000024
0.000023
0.000025
0.000025
0.000025
0.000025
0.000023
0.000022
0.000026
0.000022
0.000024
0.000026
0.000024
0.000024
0.000025
0.000022
0.000021
0.000024
0.000023
0.000022
0.000022
0.000024
0.000022
0.000026
0.000026
0.000022
0.000022
0.000025
0.000023
0.000023
0.000021
0.000022
0.000023
0.000022
0.000024
0.000023
0.000022
0.000026
0.000022
0.000034
0.000025
0.000024
0.000026
0.000022
0.000024
0.000024
0.000022
0.000025
0.000024
0.000023
0.000025
0.000023
0.000022
0.000024
0.000026
0.000023
0.000025
0.000024
0.000023
0.000026
0.000021
0.000025
0.000026
0.000022
0.000025
0.000027
0.000022
0.000025
0.000022
0.000040
0.000026
0.000023
0.000023
0.000025
0.000023
0.000022
0.000068
0.000021
0.000025
0.000022
0.000023
0.000022
0.000027
0.000025
0.000022
0.000022
0.000023
0.000023
0.000025
0.000025
0.000022
0.000022
0.000024
0.000025
0.000022
0.000021
0.000024
0.000022
0.000025
0.000022
0.000025
0.000026
0.000022
0.000022
0.000025
0.000025
0.000022
0.000021
0.000025
0.000021
0.000025
0.000022
0.000024
0.000026
0.000024
0.000022
0.000024
0.000026
0.000022
0.000024
0.000022
0.000025
0.000025
0.000024
0.000025
0.000024
0.000022
0.000023
0.000022
0.000026
0.000023
0.000025
0.000025
0.000022
0.000022
0.000022
0.000026
0.000025
0.000023
0.000022
0.000024
0.000022
0.000025
0.000024
0.000023
0.000022
0.000025
0.000025
0.000022
0.000023
0.000025
0.000022
0.000024
0.000024
0.000027
0.000024
0.000025
0.000024
0.000022
0.000021
0.000022
0.000023
0.000025
0.000023
0.000025
0.000024
0.000026
0.000025
0.000025
0.000026
0.000021
0.000054
0.000024
0.000025
0.000023
0.000024
0.000021
0.000050
0.000023
0.000025
0.000022
0.000023
0.000026
0.000023
0.000023
0.000025
0.000022
0.000023
0.000023
0.000024
0.000024
0.000025
0.000023
0.000022
0.000022
0.000022
0.000027
0.000022
0.000024
0.000023
0.000024
0.000026
0.000021
0.000024
0.000022
0.000022
0.000027
0.000021
0.000023
0.000024
0.000023
0.000025
0.000022
0.000021
0.000026
0.000025
0.000026
0.000023
0.000024
0.000022
0.000022
0.000031
0.000025
0.000025
0.000022
0.000022
0.000022
0.000022
0.000023
0.000028
0.000022
0.000025
0.000022
0.000022
0.000026
0.000021
0.000027
0.000022
0.000022
0.000026
0.000026
0.000026
0.000025
0.000022
0.000026
0.000022
0.000021
0.000023
0.000024
0.000025
0.000023
0.000022
0.000025
0.000025
0.000022
0.000025
0.000023
0.000025
0.000024
0.000023
0.000023
0.000026
0.000022
0.000025
0.000024
0.000026
0.000021
0.000025
0.000021
0.000026
0.000022
0.000023
0.000021
0.000022
0.000023
0.000023
0.000022
0.000022
0.000022
0.000026
0.000022
0.000025
0.000023
0.000021
0.000022
0.000026
0.000021
0.000021
0.000023
0.000021
0.000022
0.000025
0.000095
0.000026
0.000025
