0.000052
0.000040
0.000041
0.000040
0.000040
0.000037
0.000040
0.000037
0.000037
0.000021
0.000024
0.000021
0.000023
0.000022
0.000022
0.000021
0.000021
0.000021
0.000022
0.000021
0.000023
0.000023
0.000023
0.000022
0.000022
0.000021
0.000023
0.000021
0.000021
0.000021
0.000025
0.000022
0.000022
0.000022
0.000022
0.000022
0.000020
0.000022
0.000021
0.000023
0.000024
0.000022
0.000023
0.000024
0.000022
0.000022
0.000023
0.000022
0.000022
0.000023
0.000022
0.000022
0.000022
0.000022
0.000022
0.000021
0.000023
0.000022
0.000022
0.000021
0.000023
0.000024
0.000022
0.000021
0.000022
0.000022
0.000022
0.000022
0.000022
0.000021
0.000022
0.000022
0.000021
0.000022
0.000022
0.000052
0.000023
0.000021
0.000022
0.000021
0.000022
0.000024
0.000021
0.000021
0.000022
0.000022
0.000024
0.000021
0.000021
0.000021
0.000022
0.000022
0.000023
0.000021
0.000022
0.000022
0.000021
0.000022
0.000022
0.000023
0.000021
0.000025
0.000022
0.000022
0.000022
0.000021
0.000024
0.000022
0.000022
0.000021
0.000022
0.000022
0.000022
0.000022
0.000025
0.000022
0.000022
0.000027
0.000022
0.000021
0.000024
0.000021
0.000021
0.000020
0.000023
0.000021
0.000021
0.000021
0.000024
0.000022
0.000021
0.000023
0.000023
0.000022
0.000022
0.000028
0.000022
0.000023
0.000021
0.000023
0.000023
0.000021
0.000022
0.000021
0.000023
0.000022
0.000022
0.000023
0.000022
0.000023
0.000022
0.000022
0.000021
0.000022
0.000023
0.000023
0.000022
0.000024
0.000024
0.000022
0.000022
0.000022
0.000025
0.000023
0.000022
0.000021
0.000021
0.000023
0.000023
0.000023
0.000021
0.000023
0.000022
0.000022
0.000021
0.000021
0.000021
0.000024
0.000022
0.000022
0.000022
0.000021
0.000021
0.000025
0.000023
0.000023
0.000027
0.000023
0.000021
0.000022
0.000020
0.000021
0.000022
0.000021
0.000025
0.000023
0.000023
0.000024
0.000023
0.000021
0.000022
0.000022
0.000022
0.000021
0.000023
0.000022
0.000022
0.000022
0.000022
0.000022
0.000022
0.000022
0.000038
0.000021
0.000025
0.000021
0.000021
0.000022
0.000021
0.000022
0.000022
0.000023
0.000021
0.000026
0.000021
0.000023
0.000022
0.000022
0.000021
0.000023
0.000025
0.000025
0.000022
0.000021
0.000021
0.000025
0.000021
0.000022
0.000022
0.000022
0.000022
0.000025
0.000025
0.000023
0.000022
0.000020
0.000022
0.000022
0.000022
0.000067
0.000022
0.000022
0.000022
0.000021
0.000023
0.000023
0.000022
0.000023
0.000021
0.000023
0.000022
0.000021
0.000024
0.000021
0.000022
0.000023
0.000021
0.000020
0.000022
0.000021
0.000021
0.000022
0.000021
0.000023
0.000021
0.000021
0.000021
0.000022
0.000022
0.000022
0.000022
0.000025
0.000021
0.000024
0.000022
0.000023
0.000024
0.000021
0.000022
0.000022
0.000022
0.000027
0.000022
0.000022
0.000020
0.000023
0.000022
0.000022
0.000021
0.000022
0.000023
0.000024
0.000021
0.000022
0.000022
0.000022
0.000100
0.000021
0.000021
0.000026
0.000023
0.000022
0.000022
0.000024
0.000022
0.000022
0.000023
0.000025
0.000020
0.000021
0.000021
0.000022
0.000023
0.000022
0.000023
0.000024
0.000021
0.000022
0.000021
0.000022
0.000023
0.000023
0.000022
0.000022
0.000023
0.000023
0.000023
0.000021
0.000025
0.000022
0.000026
0.000021
0.000021
0.000022
0.000025
0.000022
0.000027
0.000023
0.000023
0.000021
0.000025
0.000022
0.000021
0.000021
0.000022
0.000022
0.000022
0.000025
0.000022
0.000022
0.000021
0.000022
0.000022
0.000026
0.000021
0.000022
0.000023
0.000022
0.000022
0.000024
0.000022
0.000022
0.000022
0.000022
0.000022
0.000021
0.000022
0.000023
0.000021
0.000022
0.000022
0.000026
0.000021
0.000023
0.000022
0.000022
0.000020
0.000022
0.000021
0.000021
0.000021
0.000022
0.000024
0.000023
0.000022
0.000022
0.000022
0.000023
0.000022
0.000022
0.000022
0.000023
0.000022
0.000022
0.000022
0.000022
0.000021
0.000022
0.000023
0.000022
0.000022
0.000022
0.000023
0.000023
0.000022
0.000021
0.000021
0.000021
0.000021
0.000024
0.000021
0.000022
0.000022
0.000021
0.000021
0.000022
0.000022
0.000021
0.000021
0.000022
0.000021
0.000024
0.000023
0.000022
0.000021
0.000022
0.000022
0.000022
0.000022
0.000023
0.000022
0.000021
0.000022
0.000021
0.000022
0.000021
0.000023
0.000022
0.000021
0.000021
0.000021
0.000023
0.000024
0.000026
0.000021
0.000023
0.000021
0.000021
0.000022
0.000023
0.000023
0.000022
0.000021
0.000022
0.000022
0.000023
0.000022
0.000023
0.000024
0.000023
0.000023
0.000022
0.000022
0.000022
0.000022
0.000022
0.000022
0.000022
0.000024
0.000022
0.000022
0.000023
0.000022
0.000021
0.000023
0.000020
0.000022
0.000026
0.000021
0.000051
0.000023
0.000021
0.000022
0.000023
0.000022
0.000020
0.000021
0.000021
0.000021
0.000024
0.000022
0.000022
0.000022
0.000023
0.000022
0.000026
0.000024
0.000019
0.000021
0.000022
0.000022
0.000022
0.000022
0.000022
0.000021
0.000020
0.000022
0.000022
0.000022
0.000022
0.000022
0.000024
0.000022
0.000022
0.000023
0.000021
0.000022
0.000022
0.000022
0.000022
0.000021
0.000023
0.000023
0.000023
0.000022
0.000023
0.000023
0.000023
0.000022
0.000023
0.000023
0.000022
0.000020
0.000023
0.000023
0.000022
0.000022
0.000022
0.000021
0.000022
0.000026
0.000023
0.000022
0.000022
0.000022
0.000021
0.000023
0.000023
0.000023
0.000022
0.000021
0.000022
0.000022
0.000022
0.000021
0.000021
0.000022
0.000021
0.000023
0.000021
0.000022
0.000024
0.000023
0.000022
0.000021
0.000021
0.000022
0.000022
0.000023
0.000021
0.000026
0.000021
0.000022
0.000022
0.000023
0.000021
0.000022
0.000022
0.000021
0.000022
0.000023
0.000023
0.000021
0.000021
0.000022
0.000021
0.000022
0.000023
0.000020
0.000022
0.000022
0.000022
0.000022
0.000025
0.000021
0.000022
0.000022
0.000022
0.000026
0.000022
0.000027
0.000021
0.000022
0.000023
0.000023
0.000021
0.000022
0.000021
0.000072
0.000022
0.000020
0.000022
0.000022
0.000021
0.000021
0.000023
0.000023
0.000022
0.000028
0.000022
0.000021
0.000023
0.000022
0.000021
0.000023
0.000022
0.000021
0.000021
0.000023
0.000022
0.000022
0.000023
0.000022
0.000022
0.000021
0.000021
0.000022
0.000022
0.000022
0.000067
0.000022
0.000021
0.000022
0.000022
0.000027
0.000021
0.000022
0.000022
0.000022
0.000021
0.000021
0.000023
0.000021
0.000022
0.000021
0.000023
0.000022
0.000024
0.000022
0.000021
0.000022
0.000024
0.000021
0.000022
0.000023
0.000024
0.000021
0.000023
0.000022
0.000021
0.000022
0.000022
0.000022
0.000022
0.000021
0.000022
0.000021
0.000022
0.000021
0.000021
0.000022
0.000022
0.000022
0.000024
0.000022
0.000021
0.000021
0.000021
0.000021
0.000022
0.000022
0.000022
0.000022
0.000023
0.000022
0.000022
0.000023
0.000024
0.000023
0.000022
0.000025
0.000021
0.000022
0.000025
0.000022
0.000025
0.000022
0.000022
0.000023
0.000021
0.000021
0.000022
0.000022
0.000020
0.000023
0.000022
0.000023
0.000022
0.000025
0.000023
0.000021
0.000020
0.000021
0.000023
0.000021
0.000024
0.000021
0.000022
0.000023
0.000020
0.000022
0.000025
0.000022
0.000021
0.000022
0.000022
0.000022
0.000022
0.000020
0.000020
0.000021
0.000024
0.000021
0.000022
0.000022
0.000021
0.000024
0.000022
0.000022
0.000023
0.000022
0.000023
0.000023
0.000022
0.000021
0.000024
0.000022
0.000022
0.000022
0.000021
0.000023
0.000023
0.000025
0.000023
0.000023
0.000022
0.000022
0.000023
0.000022
0.000023
0.000026
0.000022
0.000023
0.000021
0.000022
0.000021
0.000022
0.000020
0.000025
0.000023
0.000021
0.000023
0.000024
0.000022
0.000025
0.000023
0.000022
0.000021
0.000022
0.000026
0.000022
0.000021
0.000021
0.000023
0.000022
0.000069
0.000023
0.000022
0.000022
0.000023
0.000023
0.000022
0.000023
0.000022
0.000022
0.000024
0.000023
0.000022
0.000022
0.000023
0.000022
0.000022
0.000022
0.000022
0.000022
0.000026
0.000023
0.000022
0.000022
0.000024
0.000021
0.000023
0.000022
0.000021
0.000022
0.000021
0.000022
0.000022
0.000023
0.000022
0.000023
0.000026
0.000021
0.000021
0.000022
0.000022
0.000055
0.000022
0.000024
0.000022
0.000021
0.000022
0.000023
0.000023
0.000022
0.000022
0.000022
0.000023
0.000022
0.000022
0.000025
0.000024
0.000023
0.000023
0.000021
0.000021
0.000023
0.000022
0.000021
0.000022
0.000024
0.000023
0.000022
0.000022
0.000021
0.000024
0.000022
0.000023
0.000023
0.000022
0.000022
0.000022
0.000023
0.000023
0.000022
0.000024
0.000021
0.000022
0.000022
0.000022
0.000022
0.000021
0.000023
0.000021
0.000023
0.000023
0.000053
0.000023
0.000022
0.000021
0.000025
0.000021
0.000024
0.000020
0.000022
0.000023
0.000022
0.000022
0.000022
0.000022
0.000022
0.000022
0.000020
0.000022
0.000022
0.000023
0.000022
0.000022
0.000022
0.000022
0.000022
0.000021
0.000022
0.000022
0.000025
0.000022
0.000021
0.000027
0.000021
0.000022
0.000021
0.000023
0.000023
0.000023
0.000022
0.000022
0.000022
0.000022
0.000025
0.000022
0.000021
0.000022
0.000024
0.000023
0.000023
0.000021
0.000022
0.000021
0.000022
0.000022
0.000022
0.000022
0.000025
0.000022
0.000023
0.000021
0.000023
0.000023
0.000026
0.000022
0.000021
0.000022
0.000022
0.000022
0.000022
0.000022
0.000022
0.000021
0.000022
0.000022
0.000021
0.000021
0.000022
0.000022
0.000022
0.000022
0.000023
0.000021
0.000023
0.000022
0.000022
0.000025
0.000021
0.000023
0.000023
0.000021
0.000023
0.000021
0.000022
0.000022
0.000022
0.000021
0.000025
0.000023
0.000021
0.000024
0.000022
0.000021
0.000021
0.000026
