0.000055
0.000065
0.000059
0.000056
0.000059
0.000025
0.000027
0.000024
0.000026
0.000024
0.000025
0.000025
0.000025
0.000025
0.000027
0.000025
0.000025
0.000026
0.000025
0.000025
0.000024
0.000025
0.000026
0.000026
0.000024
0.000024
0.000024
0.000026
0.000025
0.000026
0.000025
0.000024
0.000024
0.000026
0.000025
0.000027
0.000024
0.000026
0.000025
0.000025
0.000025
0.000024
0.000026
0.000026
0.000027
0.000026
0.000025
0.000026
0.000025
0.000026
0.000026
0.000025
0.000025
0.000024
0.000025
0.000025
0.000026
0.000025
0.000025
0.000026
0.000024
0.000026
0.000027
0.000024
0.000024
0.000023
0.000026
0.000027
0.000025
0.000026
0.000026
0.000025
0.000025
0.000027
0.000023
0.000026
0.000073
0.000025
0.000025
0.000026
0.000025
0.000025
0.000027
0.000024
0.000026
0.000024
0.000027
0.000028
0.000026
0.000024
0.000025
0.000027
0.000023
0.000025
0.000024
0.000024
0.000025
0.000025
0.000025
0.000024
0.000027
0.000027
0.000026
0.000024
0.000026
0.000027
0.000025
0.000024
0.000026
0.000025
0.000025
0.000025
0.000024
0.000025
0.000026
0.000026
0.000027
0.000026
0.000024
0.000025
0.000025
0.000025
0.000025
0.000027
0.000025
0.000023
0.000025
0.000026
0.000025
0.000025
0.000022
0.000023
0.000027
0.000025
0.000026
0.000024
0.000027
0.000021
0.000026
0.000026
0.000024
0.000026
0.000025
0.000026
0.000027
0.000024
0.000027
0.000025
0.000024
0.000025
0.000025
0.000027
0.000026
0.000023
0.000026
0.000026
0.000025
0.000025
0.000026
0.000024
0.000025
0.000022
0.000026
0.000026
0.000026
0.000021
0.000025
0.000027
0.000025
0.000026
0.000025
0.000026
0.000025
0.000026
0.000024
0.000026
0.000025
0.000026
0.000025
0.000026
0.000026
0.000025
0.000025
0.000027
0.000024
0.000026
0.000026
0.000025
0.000026
0.000024
0.000025
0.000025
0.000025
0.000025
0.000025
0.000026
0.000027
0.000025
0.000025
0.000024
0.000025
0.000026
0.000025
0.000026
0.000027
0.000026
0.000025
0.000026
0.000025
0.000026
0.000023
0.000025
0.000024
0.000026
0.000026
0.000027
0.000024
0.000025
0.000026
0.000027
0.000026
0.000036
0.000024
0.000023
0.000022
0.000026
0.000026
0.000026
0.000025
0.000027
0.000026
0.000027
0.000025
0.000025
0.000024
0.000025
0.000026
0.000026
0.000025
0.000024
0.000025
0.000026
0.000026
0.000025
0.000025
0.000026
0.000025
0.000029
0.000026
0.000023
0.000024
0.000026
0.000026
0.000027
0.000024
0.000025
0.000025
0.000024
0.000024
0.000025
0.000024
0.000023
0.000025
0.000026
0.000045
0.000025
0.000022
0.000026
0.000027
0.000024
0.000026
0.000027
0.000027
0.000026
0.000026
0.000026
0.000024
0.000025
0.000025
0.000026
0.000027
0.000025
0.000026
0.000026
0.000026
0.000025
0.000027
0.000025
0.000025
0.000025
0.000026
0.000025
0.000025
0.000024
0.000026
0.000026
0.000025
0.000027
0.000026
0.000025
0.000025
0.000025
0.000025
0.000026
0.000026
0.000022
0.000025
0.000026
0.000027
0.000026
0.000024
0.000025
0.000025
0.000025
0.000025
0.000026
0.000023
0.000026
0.000026
0.000026
0.000025
0.000025
0.000025
0.000114
0.000022
0.000026
0.000024
0.000026
0.000026
0.000026
0.000027
0.000026
0.000025
0.000025
0.000026
0.000025
0.000022
0.000026
0.000025
0.000026
0.000026
0.000026
0.000026
0.000025
0.000023
0.000026
0.000026
0.000027
0.000026
0.000023
0.000025
0.000024
0.000024
0.000022
0.000025
0.000022
0.000022
0.000025
0.000027
0.000026
0.000024
0.000026
0.000026
0.000027
0.000024
0.000025
0.000024
0.000026
0.000026
0.000025
0.000025
0.000026
0.000024
0.000025
0.000026
0.000025
0.000025
0.000026
0.000181
0.000026
0.000026
0.000025
0.000024
0.000022
0.000027
0.000026
0.000025
0.000025
0.000025
0.000026
0.000025
0.000025
0.000026
0.000026
0.000026
0.000026
0.000025
0.000026
0.000026
0.000024
0.000026
0.000026
0.000026
0.000024
0.000026
0.000024
0.000024
0.000026
0.000026
0.000026
0.000025
0.000025
0.000026
0.000024
0.000026
0.000025
0.000025
0.000026
0.000024
0.000026
0.000025
0.000025
0.000025
0.000026
0.000026
0.000027
0.000025
0.000025
0.000027
0.000026
0.000024
0.000025
0.000027
0.000026
0.000027
0.000024
0.000025
0.000025
0.000026
0.000026
0.000025
0.000027
0.000026
0.000025
0.000025
0.000024
0.000026
0.000025
0.000026
0.000025
0.000027
0.000025
0.000026
0.000025
0.000023
0.000025
0.000027
0.000026
0.000024
0.000025
0.000026
0.000025
0.000025
0.000025
0.000023
0.000025
0.000027
0.000026
0.000024
0.000024
0.000025
0.000026
0.000025
0.000021
0.000026
0.000024
0.000025
0.000024
0.000026
0.000025
0.000025
0.000025
0.000026
0.000026
0.000026
0.000026
0.000025
0.000025
0.000026
0.000025
0.000026
0.000022
0.000025
0.000025
0.000024
0.000024
0.000026
0.000024
0.000026
0.000027
0.000026
0.000025
0.000079
0.000027
0.000025
0.000025
0.000026
0.000025
0.000025
0.000025
0.000025
0.000026
0.000026
0.000069
0.000024
0.000027
0.000098
0.000028
0.000021
0.000025
0.000053
0.000026
0.000025
0.000026
0.000027
0.000026
0.000027
0.000024
0.000025
0.000025
0.000025
0.000025
0.000024
0.000026
0.000024
0.000033
0.000024
0.000025
0.000027
0.000025
0.000025
0.000026
0.000025
0.000025
0.000027
0.000026
0.000024
0.000026
0.000026
0.000026
0.000025
0.000025
0.000026
0.000026
0.000025
0.000025
0.000027
0.000025
0.000026
0.000026
0.000026
0.000025
0.000028
0.000025
0.000025
0.000028
0.000025
0.000025
0.000024
0.000028
0.000025
0.000027
0.000024
0.000027
0.000024
0.000026
0.000025
0.000025
0.000025
0.000026
0.000024
0.000025
0.000026
0.000026
0.000027
0.000026
0.000127
0.000026
0.000027
0.000025
0.000027
0.000026
0.000025
0.000026
0.000025
0.000022
0.000024
0.000026
0.000025
0.000026
0.000025
0.000026
0.000028
0.000024
0.000025
0.000025
0.000073
0.000026
0.000026
0.000026
0.000024
0.000026
0.000025
0.000026
0.000026
0.000026
0.000025
0.000025
0.000023
0.000024
0.000026
0.000026
0.000024
0.000025
0.000026
0.000026
0.000026
0.000027
0.000025
0.000026
0.000025
0.000025
0.000024
0.000024
0.000025
0.000024
0.000026
0.000025
0.000027
0.000026
0.000057
0.000025
0.000025
0.000026
0.000025
0.000025
0.000024
0.000025
0.000023
0.000025
0.000025
0.000025
0.000025
0.000025
0.000026
0.000027
0.000026
0.000026
0.000025
0.000027
0.000026
0.000025
0.000026
0.000027
0.000025
0.000026
0.000025
0.000024
0.000024
0.000026
0.000026
0.000026
0.000025
0.000025
0.000025
0.000025
0.000026
0.000025
0.000029
0.000025
0.000023
0.000025
0.000026
0.000026
0.000025
0.000027
0.000027
0.000025
0.000026
0.000025
0.000026
0.000025
0.000025
0.000025
0.000024
0.000022
0.000026
0.000026
0.000026
0.000024
0.000025
0.000026
0.000024
0.000022
0.000025
0.000026
0.000026
0.000025
0.000025
0.000026
0.000025
0.000027
0.000027
0.000025
0.000023
0.000025
0.000025
0.000026
0.000026
0.000073
0.000026
0.000025
0.000025
0.000024
0.000026
0.000024
0.000025
0.000027
0.000024
0.000026
0.000026
0.000026
0.000026
0.000026
0.000026
0.000027
0.000025
0.000026
0.000026
0.000026
0.000026
0.000025
0.000026
0.000025
0.000026
0.000027
0.000024
0.000025
0.000026
0.000025
0.000025
0.000025
0.000026
0.000026
0.000024
0.000025
0.000025
0.000024
0.000025
0.000026
0.000025
0.000025
0.000025
0.000025
0.000026
0.000025
0.000025
0.000025
0.000026
0.000074
0.000025
0.000025
0.000025
0.000025
0.000026
0.000025
0.000025
0.000025
0.000026
0.000026
0.000025
0.000026
0.000026
0.000026
0.000026
0.000026
0.000024
0.000027
0.000025
0.000025
0.000026
0.000024
0.000028
0.000026
0.000026
0.000024
0.000027
0.000025
0.000025
0.000023
0.000025
0.000026
0.000025
0.000024
0.000025
0.000025
0.000025
0.000026
0.000026
0.000026
0.000026
0.000025
0.000025
0.000024
0.000025
0.000026
0.000023
0.000025
0.000023
0.000025
0.000025
0.000026
0.000025
0.000026
0.000025
0.000026
0.000026
0.000025
0.000024
0.000026
0.000026
0.000024
0.000025
0.000025
0.000025
0.000025
0.000024
0.000025
0.000025
0.000060
0.000026
0.000026
0.000025
0.000026
0.000025
0.000026
0.000026
0.000027
0.000025
0.000025
0.000026
0.000025
0.000027
0.000026
0.000027
0.000026
0.000025
0.000026
0.000025
0.000024
0.000025
0.000025
0.000026
0.000026
0.000026
0.000024
0.000025
0.000025
0.000028
0.000026
0.000025
0.000028
0.000025
0.000025
0.000025
0.000026
0.000026
0.000027
0.000026
0.000024
0.000025
0.000026
0.000025
0.000025
0.000026
0.000025
0.000024
0.000026
0.000025
0.000026
0.000025
0.000025
0.000025
0.000026
0.000026
0.000026
0.000025
0.000026
0.000024
0.000025
0.000024
0.000025
0.000026
0.000022
0.000027
0.000025
0.000025
0.000027
0.000025
0.000026
0.000025
0.000026
0.000026
0.000026
0.000025
0.000025
0.000022
0.000024
0.000025
0.000027
0.000024
0.000027
0.000025
0.000026
0.000025
0.000026
0.000025
0.000025
0.000026
0.000025
0.000025
0.000026
0.000024
0.000025
0.000024
0.000026
0.000022
0.000025
0.000026
0.000028
0.000025
0.000026
0.000025
0.000024
0.000026
0.000024
0.000025
0.000026
0.000025
0.000026
0.000026
0.000025
0.000024
0.000027
0.000022
0.000026
0.000027
0.000026
0.000026
0.000026
0.000026
0.000026
0.000027
0.000027
0.000024
0.000026
0.000025
0.000025
0.000026
0.000025
0.000023
0.000025
0.000022
0.000025
0.000025
0.000025
0.000022
0.000028
0.000026
0.000024
0.000025
0.000025
0.000025
0.000025
0.000024
0.000025
0.000025
0.000026
0.000024
0.000024
0.000025
0.000025
0.000026
0.000026
0.000026
0.000026
0.000026
0.000026
0.000068
0.000026
